4.559350e-04	0.000000e+00	0.000000e+00	0.000000e+00	0.000000e+00	0.000000e+00	0.000000e+00	0.000000e+00	0.000000e+00	0.000000e+00
1.367805e-03	0.000000e+00	0.000000e+00	0.000000e+00	0.000000e+00	0.000000e+00	0.000000e+00	0.000000e+00	0.000000e+00	0.000000e+00
2.279675e-03	0.000000e+00	0.000000e+00	0.000000e+00	0.000000e+00	0.000000e+00	0.000000e+00	0.000000e+00	0.000000e+00	0.000000e+00
3.191545e-03	0.000000e+00	0.000000e+00	5.483238e-02	0.000000e+00	0.000000e+00	0.000000e+00	0.000000e+00	0.000000e+00	0.000000e+00
4.103415e-03	0.000000e+00	0.000000e+00	0.000000e+00	0.000000e+00	0.000000e+00	0.000000e+00	0.000000e+00	0.000000e+00	0.000000e+00
5.015285e-03	0.000000e+00	0.000000e+00	0.000000e+00	0.000000e+00	0.000000e+00	0.000000e+00	0.000000e+00	0.000000e+00	0.000000e+00
5.927155e-03	0.000000e+00	0.000000e+00	0.000000e+00	0.000000e+00	0.000000e+00	0.000000e+00	0.000000e+00	0.000000e+00	0.000000e+00
6.839025e-03	0.000000e+00	0.000000e+00	0.000000e+00	0.000000e+00	0.000000e+00	0.000000e+00	0.000000e+00	0.000000e+00	0.000000e+00
7.750895e-03	0.000000e+00	0.000000e+00	0.000000e+00	0.000000e+00	0.000000e+00	0.000000e+00	0.000000e+00	0.000000e+00	0.000000e+00
8.662765e-03	0.000000e+00	0.000000e+00	0.000000e+00	0.000000e+00	0.000000e+00	0.000000e+00	0.000000e+00	0.000000e+00	0.000000e+00
9.574635e-03	0.000000e+00	0.000000e+00	0.000000e+00	0.000000e+00	0.000000e+00	0.000000e+00	0.000000e+00	0.000000e+00	0.000000e+00
1.048651e-02	0.000000e+00	0.000000e+00	0.000000e+00	0.000000e+00	0.000000e+00	0.000000e+00	0.000000e+00	0.000000e+00	0.000000e+00
1.139838e-02	0.000000e+00	0.000000e+00	0.000000e+00	0.000000e+00	0.000000e+00	0.000000e+00	0.000000e+00	0.000000e+00	0.000000e+00
1.231025e-02	0.000000e+00	0.000000e+00	0.000000e+00	0.000000e+00	0.000000e+00	0.000000e+00	0.000000e+00	0.000000e+00	0.000000e+00
1.322212e-02	0.000000e+00	0.000000e+00	0.000000e+00	0.000000e+00	0.000000e+00	0.000000e+00	0.000000e+00	0.000000e+00	0.000000e+00
1.413399e-02	0.000000e+00	0.000000e+00	0.000000e+00	0.000000e+00	0.000000e+00	0.000000e+00	0.000000e+00	0.000000e+00	0.000000e+00
1.504586e-02	0.000000e+00	0.000000e+00	0.000000e+00	0.000000e+00	0.000000e+00	0.000000e+00	0.000000e+00	0.000000e+00	0.000000e+00
1.595773e-02	0.000000e+00	0.000000e+00	0.000000e+00	0.000000e+00	0.000000e+00	0.000000e+00	0.000000e+00	0.000000e+00	0.000000e+00
1.686960e-02	0.000000e+00	5.483238e-02	0.000000e+00	0.000000e+00	0.000000e+00	0.000000e+00	0.000000e+00	0.000000e+00	0.000000e+00
1.778147e-02	0.000000e+00	0.000000e+00	0.000000e+00	0.000000e+00	0.000000e+00	0.000000e+00	0.000000e+00	0.000000e+00	0.000000e+00
1.869334e-02	0.000000e+00	0.000000e+00	0.000000e+00	0.000000e+00	0.000000e+00	0.000000e+00	0.000000e+00	0.000000e+00	0.000000e+00
1.960521e-02	0.000000e+00	0.000000e+00	0.000000e+00	0.000000e+00	0.000000e+00	0.000000e+00	0.000000e+00	0.000000e+00	0.000000e+00
2.051708e-02	0.000000e+00	0.000000e+00	0.000000e+00	0.000000e+00	0.000000e+00	0.000000e+00	0.000000e+00	0.000000e+00	0.000000e+00
2.142895e-02	0.000000e+00	0.000000e+00	0.000000e+00	0.000000e+00	0.000000e+00	0.000000e+00	0.000000e+00	0.000000e+00	0.000000e+00
2.234082e-02	0.000000e+00	0.000000e+00	0.000000e+00	0.000000e+00	0.000000e+00	0.000000e+00	0.000000e+00	0.000000e+00	0.000000e+00
2.325268e-02	0.000000e+00	0.000000e+00	0.000000e+00	0.000000e+00	0.000000e+00	0.000000e+00	0.000000e+00	0.000000e+00	0.000000e+00
2.416456e-02	0.000000e+00	0.000000e+00	0.000000e+00	0.000000e+00	0.000000e+00	0.000000e+00	0.000000e+00	0.000000e+00	0.000000e+00
2.507642e-02	0.000000e+00	0.000000e+00	0.000000e+00	0.000000e+00	0.000000e+00	0.000000e+00	0.000000e+00	0.000000e+00	0.000000e+00
2.598829e-02	0.000000e+00	0.000000e+00	0.000000e+00	0.000000e+00	0.000000e+00	0.000000e+00	0.000000e+00	0.000000e+00	0.000000e+00
2.690016e-02	0.000000e+00	0.000000e+00	0.000000e+00	0.000000e+00	0.000000e+00	0.000000e+00	0.000000e+00	0.000000e+00	0.000000e+00
2.781203e-02	0.000000e+00	0.000000e+00	0.000000e+00	0.000000e+00	0.000000e+00	0.000000e+00	0.000000e+00	0.000000e+00	0.000000e+00
2.872390e-02	0.000000e+00	0.000000e+00	0.000000e+00	0.000000e+00	0.000000e+00	0.000000e+00	0.000000e+00	0.000000e+00	0.000000e+00
2.963577e-02	0.000000e+00	0.000000e+00	0.000000e+00	0.000000e+00	0.000000e+00	0.000000e+00	0.000000e+00	0.000000e+00	0.000000e+00
3.054764e-02	0.000000e+00	0.000000e+00	0.000000e+00	0.000000e+00	0.000000e+00	0.000000e+00	0.000000e+00	0.000000e+00	0.000000e+00
3.145951e-02	0.000000e+00	0.000000e+00	0.000000e+00	0.000000e+00	0.000000e+00	0.000000e+00	0.000000e+00	0.000000e+00	0.000000e+00
3.237138e-02	0.000000e+00	0.000000e+00	0.000000e+00	0.000000e+00	0.000000e+00	0.000000e+00	0.000000e+00	0.000000e+00	0.000000e+00
3.328325e-02	0.000000e+00	0.000000e+00	0.000000e+00	0.000000e+00	0.000000e+00	0.000000e+00	0.000000e+00	0.000000e+00	0.000000e+00
3.419512e-02	0.000000e+00	0.000000e+00	0.000000e+00	0.000000e+00	0.000000e+00	0.000000e+00	0.000000e+00	0.000000e+00	0.000000e+00
3.510699e-02	0.000000e+00	0.000000e+00	0.000000e+00	0.000000e+00	0.000000e+00	0.000000e+00	0.000000e+00	0.000000e+00	0.000000e+00
3.601887e-02	0.000000e+00	0.000000e+00	0.000000e+00	0.000000e+00	0.000000e+00	0.000000e+00	0.000000e+00	0.000000e+00	0.000000e+00
3.693073e-02	0.000000e+00	0.000000e+00	0.000000e+00	0.000000e+00	0.000000e+00	0.000000e+00	0.000000e+00	0.000000e+00	0.000000e+00
3.784261e-02	0.000000e+00	0.000000e+00	0.000000e+00	0.000000e+00	0.000000e+00	0.000000e+00	0.000000e+00	0.000000e+00	0.000000e+00
3.875448e-02	0.000000e+00	0.000000e+00	0.000000e+00	0.000000e+00	0.000000e+00	0.000000e+00	0.000000e+00	0.000000e+00	0.000000e+00
3.966635e-02	0.000000e+00	0.000000e+00	0.000000e+00	0.000000e+00	0.000000e+00	0.000000e+00	0.000000e+00	0.000000e+00	0.000000e+00
4.057822e-02	0.000000e+00	0.000000e+00	0.000000e+00	0.000000e+00	0.000000e+00	0.000000e+00	0.000000e+00	0.000000e+00	0.000000e+00
4.149009e-02	0.000000e+00	0.000000e+00	0.000000e+00	0.000000e+00	0.000000e+00	0.000000e+00	0.000000e+00	0.000000e+00	0.000000e+00
4.240196e-02	0.000000e+00	0.000000e+00	0.000000e+00	0.000000e+00	0.000000e+00	0.000000e+00	0.000000e+00	0.000000e+00	0.000000e+00
4.331383e-02	0.000000e+00	0.000000e+00	0.000000e+00	0.000000e+00	0.000000e+00	0.000000e+00	0.000000e+00	0.000000e+00	0.000000e+00
4.422570e-02	0.000000e+00	0.000000e+00	0.000000e+00	0.000000e+00	0.000000e+00	0.000000e+00	0.000000e+00	0.000000e+00	0.000000e+00
4.513757e-02	0.000000e+00	0.000000e+00	0.000000e+00	0.000000e+00	0.000000e+00	0.000000e+00	0.000000e+00	0.000000e+00	0.000000e+00
4.604944e-02	0.000000e+00	0.000000e+00	0.000000e+00	0.000000e+00	0.000000e+00	0.000000e+00	0.000000e+00	0.000000e+00	0.000000e+00
4.696131e-02	0.000000e+00	0.000000e+00	0.000000e+00	0.000000e+00	0.000000e+00	0.000000e+00	0.000000e+00	0.000000e+00	0.000000e+00
4.787318e-02	0.000000e+00	0.000000e+00	0.000000e+00	0.000000e+00	0.000000e+00	0.000000e+00	0.000000e+00	0.000000e+00	0.000000e+00
4.878505e-02	0.000000e+00	5.483238e-02	0.000000e+00	0.000000e+00	0.000000e+00	0.000000e+00	0.000000e+00	0.000000e+00	0.000000e+00
4.969692e-02	0.000000e+00	0.000000e+00	0.000000e+00	0.000000e+00	0.000000e+00	0.000000e+00	0.000000e+00	0.000000e+00	0.000000e+00
5.060879e-02	0.000000e+00	0.000000e+00	0.000000e+00	0.000000e+00	0.000000e+00	0.000000e+00	0.000000e+00	0.000000e+00	0.000000e+00
5.152066e-02	0.000000e+00	0.000000e+00	0.000000e+00	0.000000e+00	0.000000e+00	0.000000e+00	0.000000e+00	0.000000e+00	0.000000e+00
5.243253e-02	0.000000e+00	0.000000e+00	0.000000e+00	0.000000e+00	0.000000e+00	0.000000e+00	0.000000e+00	0.000000e+00	0.000000e+00
5.334440e-02	0.000000e+00	0.000000e+00	0.000000e+00	0.000000e+00	0.000000e+00	0.000000e+00	0.000000e+00	0.000000e+00	0.000000e+00
5.425627e-02	0.000000e+00	0.000000e+00	0.000000e+00	0.000000e+00	0.000000e+00	0.000000e+00	0.000000e+00	0.000000e+00	0.000000e+00
5.516814e-02	0.000000e+00	0.000000e+00	0.000000e+00	0.000000e+00	0.000000e+00	0.000000e+00	0.000000e+00	0.000000e+00	0.000000e+00
5.608001e-02	0.000000e+00	0.000000e+00	0.000000e+00	0.000000e+00	0.000000e+00	0.000000e+00	0.000000e+00	0.000000e+00	0.000000e+00
5.699188e-02	0.000000e+00	0.000000e+00	0.000000e+00	0.000000e+00	0.000000e+00	0.000000e+00	0.000000e+00	0.000000e+00	0.000000e+00
5.790375e-02	0.000000e+00	0.000000e+00	0.000000e+00	0.000000e+00	0.000000e+00	0.000000e+00	0.000000e+00	0.000000e+00	0.000000e+00
5.881562e-02	0.000000e+00	0.000000e+00	0.000000e+00	0.000000e+00	0.000000e+00	0.000000e+00	0.000000e+00	0.000000e+00	0.000000e+00
5.972749e-02	0.000000e+00	0.000000e+00	0.000000e+00	0.000000e+00	0.000000e+00	0.000000e+00	0.000000e+00	0.000000e+00	0.000000e+00
6.063936e-02	0.000000e+00	0.000000e+00	0.000000e+00	0.000000e+00	0.000000e+00	0.000000e+00	0.000000e+00	0.000000e+00	0.000000e+00
6.155123e-02	0.000000e+00	0.000000e+00	0.000000e+00	0.000000e+00	0.000000e+00	0.000000e+00	0.000000e+00	0.000000e+00	0.000000e+00
6.246310e-02	0.000000e+00	0.000000e+00	0.000000e+00	0.000000e+00	0.000000e+00	0.000000e+00	0.000000e+00	0.000000e+00	0.000000e+00
6.337497e-02	0.000000e+00	0.000000e+00	0.000000e+00	0.000000e+00	0.000000e+00	0.000000e+00	0.000000e+00	0.000000e+00	0.000000e+00
6.428684e-02	0.000000e+00	0.000000e+00	0.000000e+00	0.000000e+00	0.000000e+00	0.000000e+00	0.000000e+00	0.000000e+00	0.000000e+00
6.519871e-02	0.000000e+00	0.000000e+00	0.000000e+00	0.000000e+00	0.000000e+00	0.000000e+00	0.000000e+00	0.000000e+00	0.000000e+00
6.611058e-02	0.000000e+00	0.000000e+00	0.000000e+00	0.000000e+00	0.000000e+00	0.000000e+00	0.000000e+00	0.000000e+00	0.000000e+00
6.702245e-02	0.000000e+00	0.000000e+00	0.000000e+00	0.000000e+00	0.000000e+00	0.000000e+00	0.000000e+00	0.000000e+00	0.000000e+00
6.793432e-02	0.000000e+00	0.000000e+00	0.000000e+00	0.000000e+00	0.000000e+00	0.000000e+00	0.000000e+00	0.000000e+00	0.000000e+00
6.884619e-02	0.000000e+00	0.000000e+00	0.000000e+00	0.000000e+00	0.000000e+00	0.000000e+00	0.000000e+00	0.000000e+00	0.000000e+00
6.975806e-02	0.000000e+00	0.000000e+00	0.000000e+00	0.000000e+00	0.000000e+00	0.000000e+00	0.000000e+00	0.000000e+00	0.000000e+00
7.066993e-02	0.000000e+00	0.000000e+00	0.000000e+00	0.000000e+00	0.000000e+00	0.000000e+00	0.000000e+00	0.000000e+00	0.000000e+00
7.158180e-02	0.000000e+00	0.000000e+00	0.000000e+00	0.000000e+00	0.000000e+00	0.000000e+00	0.000000e+00	0.000000e+00	0.000000e+00
7.249367e-02	0.000000e+00	0.000000e+00	0.000000e+00	0.000000e+00	0.000000e+00	0.000000e+00	0.000000e+00	0.000000e+00	0.000000e+00
7.340554e-02	0.000000e+00	0.000000e+00	0.000000e+00	0.000000e+00	0.000000e+00	0.000000e+00	0.000000e+00	0.000000e+00	0.000000e+00
7.431741e-02	0.000000e+00	0.000000e+00	0.000000e+00	0.000000e+00	0.000000e+00	0.000000e+00	0.000000e+00	0.000000e+00	0.000000e+00
7.522928e-02	0.000000e+00	0.000000e+00	0.000000e+00	0.000000e+00	0.000000e+00	0.000000e+00	0.000000e+00	0.000000e+00	0.000000e+00
7.614115e-02	0.000000e+00	0.000000e+00	0.000000e+00	0.000000e+00	0.000000e+00	0.000000e+00	0.000000e+00	0.000000e+00	0.000000e+00
7.705302e-02	0.000000e+00	0.000000e+00	0.000000e+00	0.000000e+00	0.000000e+00	0.000000e+00	0.000000e+00	0.000000e+00	0.000000e+00
7.796489e-02	0.000000e+00	0.000000e+00	0.000000e+00	0.000000e+00	0.000000e+00	0.000000e+00	0.000000e+00	0.000000e+00	0.000000e+00
7.887676e-02	0.000000e+00	0.000000e+00	0.000000e+00	0.000000e+00	0.000000e+00	0.000000e+00	0.000000e+00	0.000000e+00	0.000000e+00
7.978863e-02	0.000000e+00	0.000000e+00	0.000000e+00	0.000000e+00	0.000000e+00	0.000000e+00	0.000000e+00	0.000000e+00	0.000000e+00
8.070050e-02	0.000000e+00	0.000000e+00	0.000000e+00	0.000000e+00	0.000000e+00	0.000000e+00	0.000000e+00	0.000000e+00	0.000000e+00
8.161237e-02	0.000000e+00	0.000000e+00	0.000000e+00	0.000000e+00	0.000000e+00	0.000000e+00	0.000000e+00	0.000000e+00	0.000000e+00
8.252424e-02	0.000000e+00	0.000000e+00	0.000000e+00	0.000000e+00	0.000000e+00	0.000000e+00	0.000000e+00	0.000000e+00	0.000000e+00
8.343610e-02	0.000000e+00	0.000000e+00	0.000000e+00	0.000000e+00	0.000000e+00	0.000000e+00	0.000000e+00	0.000000e+00	0.000000e+00
8.434797e-02	0.000000e+00	0.000000e+00	0.000000e+00	0.000000e+00	0.000000e+00	0.000000e+00	0.000000e+00	0.000000e+00	0.000000e+00
8.525984e-02	0.000000e+00	0.000000e+00	0.000000e+00	0.000000e+00	0.000000e+00	0.000000e+00	0.000000e+00	0.000000e+00	0.000000e+00
8.617171e-02	0.000000e+00	0.000000e+00	0.000000e+00	0.000000e+00	0.000000e+00	0.000000e+00	0.000000e+00	0.000000e+00	0.000000e+00
8.708358e-02	0.000000e+00	0.000000e+00	0.000000e+00	0.000000e+00	0.000000e+00	0.000000e+00	0.000000e+00	0.000000e+00	0.000000e+00
8.799545e-02	0.000000e+00	0.000000e+00	0.000000e+00	0.000000e+00	0.000000e+00	0.000000e+00	0.000000e+00	0.000000e+00	0.000000e+00
8.890732e-02	0.000000e+00	0.000000e+00	0.000000e+00	0.000000e+00	0.000000e+00	0.000000e+00	0.000000e+00	0.000000e+00	0.000000e+00
8.981919e-02	0.000000e+00	0.000000e+00	0.000000e+00	0.000000e+00	0.000000e+00	0.000000e+00	0.000000e+00	0.000000e+00	0.000000e+00
9.073106e-02	0.000000e+00	0.000000e+00	0.000000e+00	0.000000e+00	0.000000e+00	0.000000e+00	0.000000e+00	0.000000e+00	0.000000e+00
9.164293e-02	0.000000e+00	0.000000e+00	0.000000e+00	0.000000e+00	0.000000e+00	0.000000e+00	0.000000e+00	0.000000e+00	0.000000e+00
9.255480e-02	0.000000e+00	0.000000e+00	0.000000e+00	0.000000e+00	0.000000e+00	0.000000e+00	0.000000e+00	0.000000e+00	0.000000e+00
9.346667e-02	0.000000e+00	0.000000e+00	0.000000e+00	0.000000e+00	0.000000e+00	0.000000e+00	0.000000e+00	0.000000e+00	0.000000e+00
9.437854e-02	0.000000e+00	0.000000e+00	0.000000e+00	0.000000e+00	0.000000e+00	0.000000e+00	0.000000e+00	0.000000e+00	0.000000e+00
9.529041e-02	0.000000e+00	0.000000e+00	0.000000e+00	0.000000e+00	0.000000e+00	0.000000e+00	0.000000e+00	0.000000e+00	0.000000e+00
9.620228e-02	0.000000e+00	0.000000e+00	0.000000e+00	0.000000e+00	0.000000e+00	0.000000e+00	0.000000e+00	0.000000e+00	0.000000e+00
9.711415e-02	0.000000e+00	0.000000e+00	0.000000e+00	0.000000e+00	0.000000e+00	0.000000e+00	0.000000e+00	0.000000e+00	0.000000e+00
9.802602e-02	0.000000e+00	0.000000e+00	0.000000e+00	0.000000e+00	0.000000e+00	0.000000e+00	0.000000e+00	0.000000e+00	0.000000e+00
9.893789e-02	0.000000e+00	0.000000e+00	0.000000e+00	0.000000e+00	0.000000e+00	0.000000e+00	0.000000e+00	0.000000e+00	0.000000e+00
9.984976e-02	0.000000e+00	0.000000e+00	0.000000e+00	0.000000e+00	0.000000e+00	0.000000e+00	0.000000e+00	0.000000e+00	0.000000e+00
1.007616e-01	0.000000e+00	0.000000e+00	0.000000e+00	0.000000e+00	0.000000e+00	0.000000e+00	0.000000e+00	0.000000e+00	0.000000e+00
1.016735e-01	0.000000e+00	0.000000e+00	0.000000e+00	0.000000e+00	0.000000e+00	0.000000e+00	0.000000e+00	0.000000e+00	0.000000e+00
1.025854e-01	0.000000e+00	0.000000e+00	0.000000e+00	0.000000e+00	0.000000e+00	0.000000e+00	0.000000e+00	0.000000e+00	0.000000e+00
1.034972e-01	0.000000e+00	0.000000e+00	0.000000e+00	0.000000e+00	0.000000e+00	0.000000e+00	0.000000e+00	0.000000e+00	0.000000e+00
1.044091e-01	0.000000e+00	0.000000e+00	0.000000e+00	0.000000e+00	0.000000e+00	0.000000e+00	0.000000e+00	0.000000e+00	0.000000e+00
1.053210e-01	0.000000e+00	0.000000e+00	0.000000e+00	0.000000e+00	0.000000e+00	0.000000e+00	0.000000e+00	0.000000e+00	0.000000e+00
1.062329e-01	0.000000e+00	0.000000e+00	0.000000e+00	0.000000e+00	0.000000e+00	0.000000e+00	0.000000e+00	0.000000e+00	0.000000e+00
1.071447e-01	0.000000e+00	0.000000e+00	0.000000e+00	0.000000e+00	0.000000e+00	0.000000e+00	0.000000e+00	5.483238e-02	0.000000e+00
1.080566e-01	0.000000e+00	0.000000e+00	0.000000e+00	0.000000e+00	0.000000e+00	0.000000e+00	0.000000e+00	0.000000e+00	0.000000e+00
1.089685e-01	0.000000e+00	0.000000e+00	0.000000e+00	0.000000e+00	0.000000e+00	0.000000e+00	0.000000e+00	0.000000e+00	0.000000e+00
1.098803e-01	0.000000e+00	0.000000e+00	0.000000e+00	0.000000e+00	0.000000e+00	0.000000e+00	0.000000e+00	0.000000e+00	0.000000e+00
1.107922e-01	0.000000e+00	5.483238e-02	0.000000e+00	0.000000e+00	0.000000e+00	0.000000e+00	0.000000e+00	0.000000e+00	0.000000e+00
1.117041e-01	0.000000e+00	0.000000e+00	0.000000e+00	5.483512e-02	0.000000e+00	0.000000e+00	0.000000e+00	0.000000e+00	0.000000e+00
1.126159e-01	0.000000e+00	5.483238e-02	0.000000e+00	0.000000e+00	0.000000e+00	0.000000e+00	0.000000e+00	0.000000e+00	0.000000e+00
1.135278e-01	0.000000e+00	0.000000e+00	0.000000e+00	5.483512e-02	0.000000e+00	0.000000e+00	5.482964e-02	0.000000e+00	0.000000e+00
1.144397e-01	0.000000e+00	5.483238e-02	0.000000e+00	0.000000e+00	1.096538e-01	0.000000e+00	5.482964e-02	0.000000e+00	0.000000e+00
1.153516e-01	0.000000e+00	1.096648e-01	5.483238e-02	2.193405e-01	0.000000e+00	0.000000e+00	0.000000e+00	0.000000e+00	0.000000e+00
1.162634e-01	1.338845e-01	5.483238e-02	5.483238e-02	5.483512e-02	5.482689e-02	0.000000e+00	0.000000e+00	0.000000e+00	0.000000e+00
1.171753e-01	0.000000e+00	0.000000e+00	0.000000e+00	0.000000e+00	1.096538e-01	5.483512e-02	0.000000e+00	5.483238e-02	0.000000e+00
1.180872e-01	0.000000e+00	1.096648e-01	1.096648e-01	5.483512e-02	0.000000e+00	1.096702e-01	1.644889e-01	0.000000e+00	0.000000e+00
1.189990e-01	1.338845e-01	1.096648e-01	5.483238e-02	5.483512e-02	0.000000e+00	0.000000e+00	0.000000e+00	5.483238e-02	0.000000e+00
1.199109e-01	1.338845e-01	1.096648e-01	5.483238e-02	5.483512e-02	1.644807e-01	0.000000e+00	1.644889e-01	5.483238e-02	0.000000e+00
1.208228e-01	1.338845e-01	5.483238e-02	1.096648e-01	5.483512e-02	0.000000e+00	5.483512e-02	0.000000e+00	5.483238e-02	0.000000e+00
1.217346e-01	2.677689e-01	2.193295e-01	1.096648e-01	2.193405e-01	1.644807e-01	5.483512e-02	1.096593e-01	1.096648e-01	0.000000e+00
1.226465e-01	0.000000e+00	1.644971e-01	1.096648e-01	1.645054e-01	5.482689e-02	5.483512e-02	5.482964e-02	0.000000e+00	0.000000e+00
1.235584e-01	2.677689e-01	1.096648e-01	1.644971e-01	1.096702e-01	1.096538e-01	0.000000e+00	0.000000e+00	0.000000e+00	0.000000e+00
1.244703e-01	1.338845e-01	3.289943e-01	2.193295e-01	2.193405e-01	2.193076e-01	0.000000e+00	5.482964e-02	1.644971e-01	0.000000e+00
1.253821e-01	2.677689e-01	2.193295e-01	2.193295e-01	2.193405e-01	1.096538e-01	0.000000e+00	2.741482e-01	5.483238e-02	0.000000e+00
1.262940e-01	1.338845e-01	2.193295e-01	2.741619e-01	3.290107e-01	1.644807e-01	1.645054e-01	1.644889e-01	1.644971e-01	0.000000e+00
1.272059e-01	6.694223e-01	1.644971e-01	3.289943e-01	1.645054e-01	1.096538e-01	1.096702e-01	3.289778e-01	5.483238e-02	0.000000e+00
1.281177e-01	4.016534e-01	2.193295e-01	2.193295e-01	3.290107e-01	1.096538e-01	1.096702e-01	1.644889e-01	0.000000e+00	0.000000e+00
1.290296e-01	0.000000e+00	2.741619e-01	2.193295e-01	3.838458e-01	1.644807e-01	1.645054e-01	2.741482e-01	1.096648e-01	0.000000e+00
1.299415e-01	0.000000e+00	5.483238e-01	3.838266e-01	3.838458e-01	2.741345e-01	2.193405e-01	1.644889e-01	1.644971e-01	0.000000e+00
1.308533e-01	6.694223e-01	4.386590e-01	2.193295e-01	2.741756e-01	3.289614e-01	1.096702e-01	4.934667e-01	5.483238e-02	0.000000e+00
1.317652e-01	1.204960e+00	5.483238e-01	3.838266e-01	2.741756e-01	1.096538e-01	1.645054e-01	4.386371e-01	5.483238e-02	0.000000e+00
1.326771e-01	8.033067e-01	3.289943e-01	6.579885e-01	4.935161e-01	6.030958e-01	2.193405e-01	5.482964e-01	1.644971e-01	0.000000e+00
1.335890e-01	1.071076e+00	3.838266e-01	6.579885e-01	4.386810e-01	2.193076e-01	2.741756e-01	8.224445e-01	1.644971e-01	0.000000e+00
1.345008e-01	4.016534e-01	8.224857e-01	6.579885e-01	5.483512e-01	3.289614e-01	1.645054e-01	3.838075e-01	5.483238e-02	0.000000e+00
1.354127e-01	8.033067e-01	7.676533e-01	4.934914e-01	2.741756e-01	4.934421e-01	3.290107e-01	3.838075e-01	1.096648e-01	0.000000e+00
1.363246e-01	2.677689e-01	5.483238e-01	7.676533e-01	5.483512e-01	4.934421e-01	1.096702e-01	4.934667e-01	1.096648e-01	0.000000e+00
1.372364e-01	1.338845e+00	8.773180e-01	9.321504e-01	8.225268e-01	3.289614e-01	1.645054e-01	1.644889e-01	1.644971e-01	0.000000e+00
1.381483e-01	2.677689e-01	7.676533e-01	6.031562e-01	3.290107e-01	4.386152e-01	2.741756e-01	3.838075e-01	1.096648e-01	0.000000e+00
1.390602e-01	1.606613e+00	5.483238e-01	4.386590e-01	7.128565e-01	3.837883e-01	2.741756e-01	3.289778e-01	2.741619e-01	0.000000e+00
1.399720e-01	1.472729e+00	8.773180e-01	9.869828e-01	8.773619e-01	6.030958e-01	1.645054e-01	8.772742e-01	6.579885e-01	0.000000e+00
1.408839e-01	1.606613e+00	7.128209e-01	9.869828e-01	9.321970e-01	4.934421e-01	3.290107e-01	3.838075e-01	2.193295e-01	0.000000e+00
1.417958e-01	2.008267e+00	8.224857e-01	7.676533e-01	1.151538e+00	4.386152e-01	3.838458e-01	2.193185e-01	3.838266e-01	0.000000e+00
1.427077e-01	1.606613e+00	9.321504e-01	9.869828e-01	7.676917e-01	5.482689e-01	2.193405e-01	4.934667e-01	5.483238e-02	0.000000e+00
1.436195e-01	2.142151e+00	7.676533e-01	1.151480e+00	7.676917e-01	6.579227e-01	3.290107e-01	3.838075e-01	3.838266e-01	0.000000e+00
1.445314e-01	8.033067e-01	1.096648e+00	1.041815e+00	1.151538e+00	3.837883e-01	3.290107e-01	7.127853e-01	1.096648e-01	0.000000e+00
1.454433e-01	1.338845e+00	9.869828e-01	7.128209e-01	8.225268e-01	9.868841e-01	4.935161e-01	5.482964e-01	2.193295e-01	0.000000e+00
1.463551e-01	1.740498e+00	9.869828e-01	1.151480e+00	9.321970e-01	8.224034e-01	4.386810e-01	5.482964e-01	2.741619e-01	0.000000e+00
1.472670e-01	2.543805e+00	7.676533e-01	1.480474e+00	9.321970e-01	8.772303e-01	3.838458e-01	7.676149e-01	2.193295e-01	0.000000e+00
1.481789e-01	2.008267e+00	1.096648e+00	1.206312e+00	1.261208e+00	5.482689e-01	3.838458e-01	6.579556e-01	3.289943e-01	0.000000e+00
1.490907e-01	2.409920e+00	1.096648e+00	1.041815e+00	1.480548e+00	8.772303e-01	3.290107e-01	2.741482e-01	1.644971e-01	0.000000e+00
1.500026e-01	2.142151e+00	1.206312e+00	1.480474e+00	9.870321e-01	8.772303e-01	4.935161e-01	4.386371e-01	5.483238e-01	0.000000e+00
1.509145e-01	2.409920e+00	1.315977e+00	1.590139e+00	8.773619e-01	9.320572e-01	6.031863e-01	1.370741e+00	2.741619e-01	0.000000e+00
1.518264e-01	3.079342e+00	9.869828e-01	1.315977e+00	8.225268e-01	8.224034e-01	4.386810e-01	9.869334e-01	2.741619e-01	0.000000e+00
1.527382e-01	2.543805e+00	1.315977e+00	1.425642e+00	1.425713e+00	7.127496e-01	5.483512e-01	6.031260e-01	2.741619e-01	0.000000e+00
1.536501e-01	3.213227e+00	1.754636e+00	1.535307e+00	1.535383e+00	7.675765e-01	4.386810e-01	4.386371e-01	7.676533e-01	0.000000e+00
1.545620e-01	3.480996e+00	2.028798e+00	1.754636e+00	1.754724e+00	1.096538e+00	4.386810e-01	1.096593e+00	3.289943e-01	0.000000e+00
1.554738e-01	3.882649e+00	1.261145e+00	1.809468e+00	1.809559e+00	7.127496e-01	4.386810e-01	8.772742e-01	2.741619e-01	0.000000e+00
1.563857e-01	2.677689e+00	1.261145e+00	1.754636e+00	1.151538e+00	1.041711e+00	5.483512e-01	7.676149e-01	4.934914e-01	0.000000e+00
1.572976e-01	1.606613e+00	1.370809e+00	2.357792e+00	8.225268e-01	1.151365e+00	6.580214e-01	9.869334e-01	3.838266e-01	0.000000e+00
1.582094e-01	3.347111e+00	2.357792e+00	2.302960e+00	1.535383e+00	1.261019e+00	6.031863e-01	8.224445e-01	3.838266e-01	0.000000e+00
1.591213e-01	2.811573e+00	2.522289e+00	2.412625e+00	1.316043e+00	9.320572e-01	4.386810e-01	6.031260e-01	4.386590e-01	0.000000e+00
1.600332e-01	3.882649e+00	2.248127e+00	1.754636e+00	1.590218e+00	1.315845e+00	4.386810e-01	9.869334e-01	4.934914e-01	6.065528e-01
1.609451e-01	3.480996e+00	2.193295e+00	2.083630e+00	1.645054e+00	1.151365e+00	4.386810e-01	4.386371e-01	5.483238e-01	6.065528e-01
1.618569e-01	4.016534e+00	2.248127e+00	2.906116e+00	1.754724e+00	1.261019e+00	4.935161e-01	9.321038e-01	8.773180e-01	0.000000e+00
1.627688e-01	3.748765e+00	1.590139e+00	3.015781e+00	1.480548e+00	1.041711e+00	6.031863e-01	1.096593e+00	2.741619e-01	0.000000e+00
1.636807e-01	3.347111e+00	1.864301e+00	1.973966e+00	1.645054e+00	9.320572e-01	6.031863e-01	1.041763e+00	4.934914e-01	0.000000e+00
1.645925e-01	3.748765e+00	1.644971e+00	2.796451e+00	1.151538e+00	1.535153e+00	3.290107e-01	1.096593e+00	4.386590e-01	0.000000e+00
1.655044e-01	2.008267e+00	2.302960e+00	2.467457e+00	1.974064e+00	1.425499e+00	3.838458e-01	8.224445e-01	4.934914e-01	0.000000e+00
1.664163e-01	3.213227e+00	3.125446e+00	2.851284e+00	1.864394e+00	8.224034e-01	7.128565e-01	1.425571e+00	3.289943e-01	0.000000e+00
1.673281e-01	2.409920e+00	2.302960e+00	2.851284e+00	1.535383e+00	1.206192e+00	6.580214e-01	7.127853e-01	3.289943e-01	6.065528e-01
1.682400e-01	4.284302e+00	2.193295e+00	3.344775e+00	1.864394e+00	1.535153e+00	4.935161e-01	1.151422e+00	6.579885e-01	0.000000e+00
1.691519e-01	6.158685e+00	2.741619e+00	4.112428e+00	2.522415e+00	1.425499e+00	5.483512e-01	1.041763e+00	6.579885e-01	0.000000e+00
1.700638e-01	5.221494e+00	2.577122e+00	3.125446e+00	2.357910e+00	1.151365e+00	6.580214e-01	8.224445e-01	7.676533e-01	0.000000e+00
1.709756e-01	4.016534e+00	2.631954e+00	4.167261e+00	2.193405e+00	1.589980e+00	9.870321e-01	8.772742e-01	9.869828e-01	0.000000e+00
1.718875e-01	4.819840e+00	2.796451e+00	3.454440e+00	1.809559e+00	1.918941e+00	5.483512e-01	1.206252e+00	7.128209e-01	0.000000e+00
1.727994e-01	4.150418e+00	3.235110e+00	2.906116e+00	1.809559e+00	1.425499e+00	8.225268e-01	6.031260e-01	8.773180e-01	0.000000e+00
1.737112e-01	4.685956e+00	2.631954e+00	3.509272e+00	2.632086e+00	1.535153e+00	7.676917e-01	1.151422e+00	1.644971e-01	0.000000e+00
1.746231e-01	4.150418e+00	2.577122e+00	3.344775e+00	2.467580e+00	1.754461e+00	3.838458e-01	9.321038e-01	3.838266e-01	6.065528e-01
1.755350e-01	5.087609e+00	3.838266e+00	3.509272e+00	2.357910e+00	1.370672e+00	5.483512e-01	6.579556e-01	4.386590e-01	0.000000e+00
1.764468e-01	5.623147e+00	2.960948e+00	4.222093e+00	2.796591e+00	2.247903e+00	7.676917e-01	1.151422e+00	7.676533e-01	6.065528e-01
1.773587e-01	4.016534e+00	2.193295e+00	3.893099e+00	1.754724e+00	1.699634e+00	9.321970e-01	7.676149e-01	8.224857e-01	0.000000e+00
1.782706e-01	3.079342e+00	3.289943e+00	3.728602e+00	2.851426e+00	1.206192e+00	4.935161e-01	8.224445e-01	4.386590e-01	1.213106e+00
1.791825e-01	4.150418e+00	3.125446e+00	3.673769e+00	2.632086e+00	1.425499e+00	4.386810e-01	4.386371e-01	1.261145e+00	6.065528e-01
1.800943e-01	5.623147e+00	2.960948e+00	4.441423e+00	2.467580e+00	1.809288e+00	7.676917e-01	1.151422e+00	7.676533e-01	1.213106e+00
1.810062e-01	4.685956e+00	2.796451e+00	3.783434e+00	2.577251e+00	2.028595e+00	4.386810e-01	9.869334e-01	6.579885e-01	6.065528e-01
1.819181e-01	3.614880e+00	3.125446e+00	2.906116e+00	2.193405e+00	1.206192e+00	4.935161e-01	8.772742e-01	7.128209e-01	1.213106e+00
1.828299e-01	4.552071e+00	2.522289e+00	2.686786e+00	2.577251e+00	1.864114e+00	6.580214e-01	7.676149e-01	8.224857e-01	6.065528e-01
1.837418e-01	5.489263e+00	4.002764e+00	3.509272e+00	2.577251e+00	2.631691e+00	9.870321e-01	9.321038e-01	6.579885e-01	6.065528e-01
1.846537e-01	4.016534e+00	2.686786e+00	3.728602e+00	2.138570e+00	1.918941e+00	6.031863e-01	8.224445e-01	5.483238e-01	0.000000e+00
1.855655e-01	4.552071e+00	2.741619e+00	4.112428e+00	2.632086e+00	1.261019e+00	7.676917e-01	5.482964e-01	1.206312e+00	0.000000e+00
1.864774e-01	4.284302e+00	2.796451e+00	3.344775e+00	1.809559e+00	1.973768e+00	5.483512e-01	7.676149e-01	1.151480e+00	6.065528e-01
1.873893e-01	4.685956e+00	2.851284e+00	3.564105e+00	2.522415e+00	1.973768e+00	7.676917e-01	7.676149e-01	1.041815e+00	0.000000e+00
1.883012e-01	4.284302e+00	2.522289e+00	4.057596e+00	2.193405e+00	2.083422e+00	7.128565e-01	9.869334e-01	9.869828e-01	1.213106e+00
1.892130e-01	3.882649e+00	2.741619e+00	3.673769e+00	2.851426e+00	1.918941e+00	8.773619e-01	6.031260e-01	1.041815e+00	1.213106e+00
1.901249e-01	5.221494e+00	3.070613e+00	4.002764e+00	2.357910e+00	2.467210e+00	1.041867e+00	6.579556e-01	9.869828e-01	1.213106e+00
1.910368e-01	5.489263e+00	3.399607e+00	4.441423e+00	2.906261e+00	2.083422e+00	7.676917e-01	8.772742e-01	8.224857e-01	1.213106e+00
1.919486e-01	5.221494e+00	2.851284e+00	3.344775e+00	2.357910e+00	1.096538e+00	1.096702e+00	9.321038e-01	9.869828e-01	0.000000e+00
1.928605e-01	4.953725e+00	2.851284e+00	4.605920e+00	3.564283e+00	1.206192e+00	9.870321e-01	1.041763e+00	8.773180e-01	1.213106e+00
1.937724e-01	3.748765e+00	2.796451e+00	3.947931e+00	3.344942e+00	1.699634e+00	8.225268e-01	7.676149e-01	1.315977e+00	6.065528e-01
1.946842e-01	3.882649e+00	2.906116e+00	4.057596e+00	2.467580e+00	2.028595e+00	8.773619e-01	1.096593e+00	9.321504e-01	0.000000e+00
1.955961e-01	3.882649e+00	3.344775e+00	3.618937e+00	2.796591e+00	1.425499e+00	7.128565e-01	8.224445e-01	1.151480e+00	0.000000e+00
1.965080e-01	4.819840e+00	3.070613e+00	4.441423e+00	2.686921e+00	2.357556e+00	9.321970e-01	1.096593e+00	1.261145e+00	1.819659e+00
1.974199e-01	4.284302e+00	3.509272e+00	4.057596e+00	2.851426e+00	2.522037e+00	7.128565e-01	1.261082e+00	1.644971e+00	0.000000e+00
1.983317e-01	4.953725e+00	3.893099e+00	5.154243e+00	3.564283e+00	1.973768e+00	1.261208e+00	1.370741e+00	1.370809e+00	6.065528e-01
1.992436e-01	4.685956e+00	2.906116e+00	3.454440e+00	2.741756e+00	2.412383e+00	7.128565e-01	1.151422e+00	1.370809e+00	0.000000e+00
2.001555e-01	4.150418e+00	3.509272e+00	4.386590e+00	3.015932e+00	1.973768e+00	1.096702e+00	8.224445e-01	1.480474e+00	0.000000e+00
2.010673e-01	3.882649e+00	3.399607e+00	5.099411e+00	3.344942e+00	2.247903e+00	1.261208e+00	1.151422e+00	1.206312e+00	0.000000e+00
2.019792e-01	3.882649e+00	3.454440e+00	3.399607e+00	2.741756e+00	2.467210e+00	1.041867e+00	1.261082e+00	1.261145e+00	1.213106e+00
2.028911e-01	4.150418e+00	3.564105e+00	3.783434e+00	2.686921e+00	2.028595e+00	1.041867e+00	1.206252e+00	1.919133e+00	6.065528e-01
2.038029e-01	4.819840e+00	3.399607e+00	4.276925e+00	3.893293e+00	2.247903e+00	1.151538e+00	1.370741e+00	1.315977e+00	1.213106e+00
2.047148e-01	4.284302e+00	3.509272e+00	4.002764e+00	3.015932e+00	2.741345e+00	8.225268e-01	8.224445e-01	1.864301e+00	0.000000e+00
2.056267e-01	5.087609e+00	4.057596e+00	3.947931e+00	3.290107e+00	3.179960e+00	1.096702e+00	1.151422e+00	1.864301e+00	6.065528e-01
2.065386e-01	4.418187e+00	3.783434e+00	3.618937e+00	2.577251e+00	2.522037e+00	1.096702e+00	1.315911e+00	2.138463e+00	0.000000e+00
2.074504e-01	5.355378e+00	4.112428e+00	4.386590e+00	2.686921e+00	2.960652e+00	7.676917e-01	8.224445e-01	1.754636e+00	1.819659e+00
2.083623e-01	4.552071e+00	4.331758e+00	4.551087e+00	2.686921e+00	2.522037e+00	1.096702e+00	1.919037e+00	2.522289e+00	6.065528e-01
2.092742e-01	4.953725e+00	3.344775e+00	3.893099e+00	3.619118e+00	3.618575e+00	1.590218e+00	2.028697e+00	2.796451e+00	6.065528e-01
2.101860e-01	3.882649e+00	4.386590e+00	4.496255e+00	4.222304e+00	3.234787e+00	1.754724e+00	1.809378e+00	3.180278e+00	6.065528e-01
2.110979e-01	3.480996e+00	4.715584e+00	4.605920e+00	3.673953e+00	3.289614e+00	1.206373e+00	3.070460e+00	2.906116e+00	1.213106e+00
2.120098e-01	3.480996e+00	4.660752e+00	4.551087e+00	4.002964e+00	3.289614e+00	1.151538e+00	1.754548e+00	3.783434e+00	6.065528e-01
2.129216e-01	5.623147e+00	4.770417e+00	4.715584e+00	4.167469e+00	3.947536e+00	1.370878e+00	1.699719e+00	3.344775e+00	0.000000e+00
2.138335e-01	5.087609e+00	4.660752e+00	3.947931e+00	3.509448e+00	4.112017e+00	1.151538e+00	1.535230e+00	3.344775e+00	1.213106e+00
2.147454e-01	4.284302e+00	4.605920e+00	4.167261e+00	3.399777e+00	3.399267e+00	1.316043e+00	2.796311e+00	3.618937e+00	0.000000e+00
2.156573e-01	3.480996e+00	4.276925e+00	4.002764e+00	5.099666e+00	3.399267e+00	2.083735e+00	2.193185e+00	3.728602e+00	6.065528e-01
2.165691e-01	3.614880e+00	4.057596e+00	5.538070e+00	4.112634e+00	4.057190e+00	1.809559e+00	2.028697e+00	4.551087e+00	6.065528e-01
2.174810e-01	4.418187e+00	4.934914e+00	4.112428e+00	4.715820e+00	3.673402e+00	1.206373e+00	2.193185e+00	3.509272e+00	6.065528e-01
2.183929e-01	3.079342e+00	4.441423e+00	3.783434e+00	4.386810e+00	3.673402e+00	1.151538e+00	2.576993e+00	3.728602e+00	1.213106e+00
2.193047e-01	4.016534e+00	5.263908e+00	4.112428e+00	5.209336e+00	3.892710e+00	1.974064e+00	2.851141e+00	3.344775e+00	0.000000e+00
2.202166e-01	4.284302e+00	5.428405e+00	4.934914e+00	4.386810e+00	4.989247e+00	1.864394e+00	3.125289e+00	5.044579e+00	6.065528e-01
2.211285e-01	3.748765e+00	5.483238e+00	3.509272e+00	4.660985e+00	4.221671e+00	1.535383e+00	2.851141e+00	4.825249e+00	0.000000e+00
2.220403e-01	4.418187e+00	5.647735e+00	4.112428e+00	4.002964e+00	4.769940e+00	1.370878e+00	2.248015e+00	5.483238e+00	0.000000e+00
2.229522e-01	3.748765e+00	5.428405e+00	4.057596e+00	4.441645e+00	4.495805e+00	2.083735e+00	2.522163e+00	6.689550e+00	6.065528e-01
2.238641e-01	4.150418e+00	4.880082e+00	3.893099e+00	4.715820e+00	5.263382e+00	1.590218e+00	2.741482e+00	4.880082e+00	0.000000e+00
2.247760e-01	2.945458e+00	5.428405e+00	4.496255e+00	5.593182e+00	4.715113e+00	2.632086e+00	3.399437e+00	5.099411e+00	1.213106e+00
2.256878e-01	3.213227e+00	5.428405e+00	4.496255e+00	4.935161e+00	5.647170e+00	2.193405e+00	3.399437e+00	6.360556e+00	1.213106e+00
2.265997e-01	3.079342e+00	4.605920e+00	4.551087e+00	5.044831e+00	3.728229e+00	1.974064e+00	2.522163e+00	5.592902e+00	1.213106e+00
2.275116e-01	3.748765e+00	5.702567e+00	5.099411e+00	4.935161e+00	5.482689e+00	1.754724e+00	3.125289e+00	4.715584e+00	6.065528e-01
2.284234e-01	4.685956e+00	6.141226e+00	4.551087e+00	6.689885e+00	5.482689e+00	1.699889e+00	3.234949e+00	8.005527e+00	0.000000e+00
2.293353e-01	4.418187e+00	6.196059e+00	3.893099e+00	4.770655e+00	4.440978e+00	2.467580e+00	3.344608e+00	7.237874e+00	6.065528e-01
2.302472e-01	4.150418e+00	5.154243e+00	4.386590e+00	4.935161e+00	4.989247e+00	2.741756e+00	2.796311e+00	6.305723e+00	0.000000e+00
2.311590e-01	3.748765e+00	6.031562e+00	3.454440e+00	4.441645e+00	4.989247e+00	1.645054e+00	3.728415e+00	7.731365e+00	1.213106e+00
2.320709e-01	3.614880e+00	5.921897e+00	4.331758e+00	5.538347e+00	5.482689e+00	2.303075e+00	3.728415e+00	6.141226e+00	1.213106e+00
2.329828e-01	4.284302e+00	6.031562e+00	4.660752e+00	5.209336e+00	4.989247e+00	2.522415e+00	3.234949e+00	7.073377e+00	1.819659e+00
2.338947e-01	4.685956e+00	6.744382e+00	4.551087e+00	5.483512e+00	5.373036e+00	1.699889e+00	3.125289e+00	7.073377e+00	6.065528e-01
2.348065e-01	3.079342e+00	5.318741e+00	3.947931e+00	6.141533e+00	5.866478e+00	2.303075e+00	3.399437e+00	7.237874e+00	6.065528e-01
2.357184e-01	5.221494e+00	5.867064e+00	4.551087e+00	5.812523e+00	7.456458e+00	2.522415e+00	4.112223e+00	7.950695e+00	0.000000e+00
2.366303e-01	3.480996e+00	6.634718e+00	4.551087e+00	5.209336e+00	6.140612e+00	2.412745e+00	3.344608e+00	8.773180e+00	0.000000e+00
2.375421e-01	4.284302e+00	7.512036e+00	4.551087e+00	5.209336e+00	6.030958e+00	2.632086e+00	3.947734e+00	8.279689e+00	1.213106e+00
2.384540e-01	4.819840e+00	5.812232e+00	4.057596e+00	5.867358e+00	5.921305e+00	2.796591e+00	3.180119e+00	8.718348e+00	6.065528e-01
2.393659e-01	3.614880e+00	5.867064e+00	4.605920e+00	5.319007e+00	6.359920e+00	2.796591e+00	3.289778e+00	8.224857e+00	6.065528e-01
2.402777e-01	5.623147e+00	5.976729e+00	4.276925e+00	6.141533e+00	6.743708e+00	2.467580e+00	3.563926e+00	8.279689e+00	0.000000e+00
2.411896e-01	4.819840e+00	5.592902e+00	4.660752e+00	6.360874e+00	6.085785e+00	3.399777e+00	3.344608e+00	8.828013e+00	0.000000e+00
2.421015e-01	3.748765e+00	5.757400e+00	4.496255e+00	6.415709e+00	6.195439e+00	2.686921e+00	2.905971e+00	8.060359e+00	0.000000e+00
2.430134e-01	4.418187e+00	6.799215e+00	5.921897e+00	5.922193e+00	7.511285e+00	3.180437e+00	4.331541e+00	1.008916e+01	0.000000e+00
2.439252e-01	4.552071e+00	6.305723e+00	4.880082e+00	6.580214e+00	5.537516e+00	2.741756e+00	3.454267e+00	7.566868e+00	6.065528e-01
2.448371e-01	4.418187e+00	7.128209e+00	4.715584e+00	6.470544e+00	6.140612e+00	3.564283e+00	4.441201e+00	8.170024e+00	0.000000e+00
2.457490e-01	3.748765e+00	6.525053e+00	5.209076e+00	6.470544e+00	7.401631e+00	2.906261e+00	4.825008e+00	9.211839e+00	1.213106e+00
2.466608e-01	3.882649e+00	6.086394e+00	5.812232e+00	6.525379e+00	6.688881e+00	3.399777e+00	3.344608e+00	8.334521e+00	0.000000e+00
2.475727e-01	3.079342e+00	5.538070e+00	4.276925e+00	6.196368e+00	5.044074e+00	3.619118e+00	2.796311e+00	8.499019e+00	0.000000e+00
2.484846e-01	5.355378e+00	5.921897e+00	4.057596e+00	6.360874e+00	7.127496e+00	3.399777e+00	3.783245e+00	9.486001e+00	6.065528e-01
2.493964e-01	3.347111e+00	5.373573e+00	4.276925e+00	7.183401e+00	5.427863e+00	3.619118e+00	3.618756e+00	8.115192e+00	1.213106e+00
2.503083e-01	4.953725e+00	6.196059e+00	5.483238e+00	7.128565e+00	6.524400e+00	3.235272e+00	4.167052e+00	1.058265e+01	0.000000e+00
2.512202e-01	5.355378e+00	6.141226e+00	3.838266e+00	6.415709e+00	5.756824e+00	3.290107e+00	3.563926e+00	8.608683e+00	0.000000e+00
2.521321e-01	3.347111e+00	6.141226e+00	4.715584e+00	6.689885e+00	6.359920e+00	3.619118e+00	3.838075e+00	8.937678e+00	1.213106e+00
2.530439e-01	4.552071e+00	5.099411e+00	4.551087e+00	6.635049e+00	6.853362e+00	3.893293e+00	3.454267e+00	8.608683e+00	1.213106e+00
2.539558e-01	2.811573e+00	5.428405e+00	4.222093e+00	7.128565e+00	6.634054e+00	3.399777e+00	3.399437e+00	7.950695e+00	1.213106e+00
2.548677e-01	3.748765e+00	5.263908e+00	4.276925e+00	5.373842e+00	6.359920e+00	4.441645e+00	3.783245e+00	9.047342e+00	0.000000e+00
2.557795e-01	2.811573e+00	6.086394e+00	5.483238e+00	5.209336e+00	6.250266e+00	4.386810e+00	4.276712e+00	9.211839e+00	6.065528e-01
2.566914e-01	3.882649e+00	5.483238e+00	5.592902e+00	6.854390e+00	6.798535e+00	4.496480e+00	4.112223e+00	7.621700e+00	1.819659e+00
2.576033e-01	4.418187e+00	6.415388e+00	4.934914e+00	7.073730e+00	6.250266e+00	5.209336e+00	3.947734e+00	9.047342e+00	0.000000e+00
2.585151e-01	1.740498e+00	5.702567e+00	4.770417e+00	5.757688e+00	6.305093e+00	4.606150e+00	4.167052e+00	8.718348e+00	2.426211e+00
2.594270e-01	4.284302e+00	5.867064e+00	5.318741e+00	6.635049e+00	6.085785e+00	4.386810e+00	4.002563e+00	7.731365e+00	1.213106e+00
2.603389e-01	2.409920e+00	6.250891e+00	4.002764e+00	6.251204e+00	6.743708e+00	5.648017e+00	3.673586e+00	8.334521e+00	1.213106e+00
2.612508e-01	5.890916e+00	5.318741e+00	5.592902e+00	7.183401e+00	6.305093e+00	4.551315e+00	3.728415e+00	8.882845e+00	1.213106e+00
2.621626e-01	5.623147e+00	5.592902e+00	4.880082e+00	5.593182e+00	6.469574e+00	5.538347e+00	4.715349e+00	7.402371e+00	6.065528e-01
2.630745e-01	5.355378e+00	6.854047e+00	5.538070e+00	7.018895e+00	8.169207e+00	5.867358e+00	5.482964e+00	1.102131e+01	6.065528e-01
2.639864e-01	3.213227e+00	5.702567e+00	3.618937e+00	4.715820e+00	5.976132e+00	4.277139e+00	4.715349e+00	6.579885e+00	1.213106e+00
2.648982e-01	5.757031e+00	7.402371e+00	5.428405e+00	7.128565e+00	6.853362e+00	6.689885e+00	4.879838e+00	9.814996e+00	3.032764e+00
2.658101e-01	4.953725e+00	6.360556e+00	5.757400e+00	6.141533e+00	8.388515e+00	6.525379e+00	4.331541e+00	9.595666e+00	1.213106e+00
2.667220e-01	3.079342e+00	4.770417e+00	4.715584e+00	4.825490e+00	5.208555e+00	4.331974e+00	3.399437e+00	6.854047e+00	3.032764e+00
2.676338e-01	3.748765e+00	6.525053e+00	5.867064e+00	7.951092e+00	7.949900e+00	7.347906e+00	5.263645e+00	8.718348e+00	6.065528e-01
2.685457e-01	2.811573e+00	3.673769e+00	3.180278e+00	5.702852e+00	6.908189e+00	4.660985e+00	3.344608e+00	5.921897e+00	1.213106e+00
2.694576e-01	7.229760e+00	6.470221e+00	5.373573e+00	7.512411e+00	7.182323e+00	6.635049e+00	5.811941e+00	9.321504e+00	3.032764e+00
2.703695e-01	2.811573e+00	5.044579e+00	3.673769e+00	5.812523e+00	6.140612e+00	6.251204e+00	4.550860e+00	6.634718e+00	6.065528e-01
2.712813e-01	5.623147e+00	5.483238e+00	5.483238e+00	8.225268e+00	7.675765e+00	6.251204e+00	5.208815e+00	7.731365e+00	2.426211e+00
2.721932e-01	4.685956e+00	5.099411e+00	5.592902e+00	6.799555e+00	7.291977e+00	6.306039e+00	5.811941e+00	1.041815e+01	5.458976e+00
2.731051e-01	2.945458e+00	4.715584e+00	4.167261e+00	5.648017e+00	6.743708e+00	6.415709e+00	5.044327e+00	7.073377e+00	3.639317e+00
2.740169e-01	4.284302e+00	6.305723e+00	4.989746e+00	8.280103e+00	8.114380e+00	8.280103e+00	5.647453e+00	8.663516e+00	3.639317e+00
2.749288e-01	3.213227e+00	4.770417e+00	4.002764e+00	5.044831e+00	6.140612e+00	5.428677e+00	4.715349e+00	6.415388e+00	4.245870e+00
2.758407e-01	6.560338e+00	6.579885e+00	5.976729e+00	7.841422e+00	7.730592e+00	7.183401e+00	6.250578e+00	9.157007e+00	1.819659e+00
2.767525e-01	4.685956e+00	4.715584e+00	4.222093e+00	5.154501e+00	6.634054e+00	5.702852e+00	4.441201e+00	6.744382e+00	2.426211e+00
2.776644e-01	4.819840e+00	6.250891e+00	5.538070e+00	7.238236e+00	8.114380e+00	8.115598e+00	6.415067e+00	9.705331e+00	6.065528e-01
2.785763e-01	3.480996e+00	4.057596e+00	4.660752e+00	4.606150e+00	5.647170e+00	5.264171e+00	4.605689e+00	7.566868e+00	1.819659e+00
2.794882e-01	5.623147e+00	7.128209e+00	5.099411e+00	6.854390e+00	8.772303e+00	7.951092e+00	5.044327e+00	7.950695e+00	6.065528e+00
2.804000e-01	4.953725e+00	6.360556e+00	5.209076e+00	7.951092e+00	7.401631e+00	8.718784e+00	6.195749e+00	1.085681e+01	3.032764e+00
2.813119e-01	4.418187e+00	4.386590e+00	3.893099e+00	4.770655e+00	4.989247e+00	6.086698e+00	4.496030e+00	6.470221e+00	3.639317e+00
2.822238e-01	6.024800e+00	5.702567e+00	5.812232e+00	6.854390e+00	6.963016e+00	7.676917e+00	6.415067e+00	8.992510e+00	6.065528e+00
2.831356e-01	3.480996e+00	4.331758e+00	4.441423e+00	4.880326e+00	5.866478e+00	6.141533e+00	4.770178e+00	6.963712e+00	1.213106e+00
2.840475e-01	5.890916e+00	6.799215e+00	4.989746e+00	6.251204e+00	7.511285e+00	8.225268e+00	7.402001e+00	7.676533e+00	5.458976e+00
2.849594e-01	4.552071e+00	3.783434e+00	4.386590e+00	6.086698e+00	6.195439e+00	6.086698e+00	5.428134e+00	6.744382e+00	3.032764e+00
2.858712e-01	5.623147e+00	6.470221e+00	6.141226e+00	6.689885e+00	6.908189e+00	7.676917e+00	7.237512e+00	9.924660e+00	4.245870e+00
2.867831e-01	5.087609e+00	6.031562e+00	5.154243e+00	6.086698e+00	7.949900e+00	7.073730e+00	6.469897e+00	9.760163e+00	3.639317e+00
2.876950e-01	4.150418e+00	4.551087e+00	3.893099e+00	5.373842e+00	5.921305e+00	5.428677e+00	6.908534e+00	7.128209e+00	5.458976e+00
2.886069e-01	5.489263e+00	5.921897e+00	4.934914e+00	7.512411e+00	7.675765e+00	7.457576e+00	7.182682e+00	8.060359e+00	6.672081e+00
2.895187e-01	2.543805e+00	4.660752e+00	4.112428e+00	5.702852e+00	6.030958e+00	6.306039e+00	5.208815e+00	7.237874e+00	3.032764e+00
2.904306e-01	5.355378e+00	6.470221e+00	5.483238e+00	6.525379e+00	7.017843e+00	8.389773e+00	8.169616e+00	8.882845e+00	6.672081e+00
2.913425e-01	3.213227e+00	4.222093e+00	4.496255e+00	5.099666e+00	6.195439e+00	5.373842e+00	5.702282e+00	6.689550e+00	3.639317e+00
2.922543e-01	5.221494e+00	5.592902e+00	4.441423e+00	7.347906e+00	7.182323e+00	8.170433e+00	7.566490e+00	8.773180e+00	7.278634e+00
2.931662e-01	4.953725e+00	3.947931e+00	2.631954e+00	5.154501e+00	5.811651e+00	6.251204e+00	5.153986e+00	6.141226e+00	6.672081e+00
2.940781e-01	7.229760e+00	6.031562e+00	5.044579e+00	6.635049e+00	6.195439e+00	7.951092e+00	8.443764e+00	8.718348e+00	4.852423e+00
2.949899e-01	4.685956e+00	5.592902e+00	5.483238e+00	6.909225e+00	6.524400e+00	8.005927e+00	7.676149e+00	8.334521e+00	7.885187e+00
2.959018e-01	4.552071e+00	5.044579e+00	3.235110e+00	4.606150e+00	5.647170e+00	4.715820e+00	6.140919e+00	5.647735e+00	5.458976e+00
2.968137e-01	5.623147e+00	4.880082e+00	4.825249e+00	5.648017e+00	6.469574e+00	7.622082e+00	8.169616e+00	6.854047e+00	6.065528e+00
2.977256e-01	2.677689e+00	4.386590e+00	2.796451e+00	5.977028e+00	5.373036e+00	6.086698e+00	5.702282e+00	5.702567e+00	4.852423e+00
2.986374e-01	6.024800e+00	5.702567e+00	4.880082e+00	6.964060e+00	6.853362e+00	7.293071e+00	7.292342e+00	7.018544e+00	3.639317e+00
2.995493e-01	4.953725e+00	3.783434e+00	3.180278e+00	4.770655e+00	5.537516e+00	5.099666e+00	5.921601e+00	5.263908e+00	6.065528e+00
3.004612e-01	5.489263e+00	4.331758e+00	4.770417e+00	6.525379e+00	7.072669e+00	7.457576e+00	9.266208e+00	6.141226e+00	5.458976e+00
3.013730e-01	5.221494e+00	5.757400e+00	5.812232e+00	6.525379e+00	6.963016e+00	8.389773e+00	7.621319e+00	8.170024e+00	9.704846e+00
3.022849e-01	4.016534e+00	4.496255e+00	3.070613e+00	5.209336e+00	4.495805e+00	5.373842e+00	5.537793e+00	5.373573e+00	8.491740e+00
3.031968e-01	4.953725e+00	5.483238e+00	4.880082e+00	6.909225e+00	6.085785e+00	6.415709e+00	7.730979e+00	8.334521e+00	7.278634e+00
3.041086e-01	4.819840e+00	4.112428e+00	3.289943e+00	3.948129e+00	6.250266e+00	5.264171e+00	5.099156e+00	5.154243e+00	4.852423e+00
3.050205e-01	4.552071e+00	4.002764e+00	6.086394e+00	5.154501e+00	7.840246e+00	8.060763e+00	7.402001e+00	7.237874e+00	1.091795e+01
3.059324e-01	3.347111e+00	4.276925e+00	3.783434e+00	4.935161e+00	5.208555e+00	6.415709e+00	5.921601e+00	5.483238e+00	5.458976e+00
3.068443e-01	4.284302e+00	6.196059e+00	4.551087e+00	6.360874e+00	7.182323e+00	6.580214e+00	7.237512e+00	6.470221e+00	8.491740e+00
3.077561e-01	3.614880e+00	3.289943e+00	3.618937e+00	3.564283e+00	4.057190e+00	5.648017e+00	6.305408e+00	5.483238e+00	6.065528e+00
3.086680e-01	5.757031e+00	5.263908e+00	4.167261e+00	6.031863e+00	6.414747e+00	7.347906e+00	8.608253e+00	6.579885e+00	8.491740e+00
3.095799e-01	6.292569e+00	4.441423e+00	4.276925e+00	5.538347e+00	6.250266e+00	8.115598e+00	7.018193e+00	6.579885e+00	8.491740e+00
3.104917e-01	5.623147e+00	3.344775e+00	3.125446e+00	5.319007e+00	4.440978e+00	5.538347e+00	4.879838e+00	4.715584e+00	6.065528e+00
3.114036e-01	5.890916e+00	5.318741e+00	4.112428e+00	5.757688e+00	6.634054e+00	7.128565e+00	7.730979e+00	7.183041e+00	8.491740e+00
3.123155e-01	4.284302e+00	2.686786e+00	2.960948e+00	4.277139e+00	5.427863e+00	5.538347e+00	5.428134e+00	4.715584e+00	6.065528e+00
3.132273e-01	5.087609e+00	4.441423e+00	4.660752e+00	5.099666e+00	6.140612e+00	7.512411e+00	7.676149e+00	6.854047e+00	1.031140e+01
3.141392e-01	3.748765e+00	4.660752e+00	3.618937e+00	3.619118e+00	4.879594e+00	5.922193e+00	5.537793e+00	4.331758e+00	7.278634e+00
3.150511e-01	7.095876e+00	5.099411e+00	4.605920e+00	4.989996e+00	6.305093e+00	6.360874e+00	6.305408e+00	6.634718e+00	7.885187e+00
3.159630e-01	4.284302e+00	4.989746e+00	4.441423e+00	5.264171e+00	5.098901e+00	7.347906e+00	7.347171e+00	5.647735e+00	1.091795e+01
3.168748e-01	3.748765e+00	3.125446e+00	2.631954e+00	3.673953e+00	4.386152e+00	5.922193e+00	5.757112e+00	4.441423e+00	6.672081e+00
3.177867e-01	5.355378e+00	3.728602e+00	4.660752e+00	4.222304e+00	5.044074e+00	7.512411e+00	6.963364e+00	5.373573e+00	1.031140e+01
3.186986e-01	4.016534e+00	3.344775e+00	1.973966e+00	3.454613e+00	3.837883e+00	5.154501e+00	5.208815e+00	4.276925e+00	6.065528e+00
3.196104e-01	4.284302e+00	3.289943e+00	3.564105e+00	5.154501e+00	5.373036e+00	7.512411e+00	7.347171e+00	4.715584e+00	1.031140e+01
3.205223e-01	4.552071e+00	3.235110e+00	3.618937e+00	4.167469e+00	4.550632e+00	5.373842e+00	4.879838e+00	4.112428e+00	4.852423e+00
3.214342e-01	4.819840e+00	4.660752e+00	4.934914e+00	5.373842e+00	5.811651e+00	8.005927e+00	6.195749e+00	4.989746e+00	6.672081e+00
3.223460e-01	3.347111e+00	3.070613e+00	3.015781e+00	3.454613e+00	3.563748e+00	5.812523e+00	5.099156e+00	3.399607e+00	4.852423e+00
3.232579e-01	4.284302e+00	4.057596e+00	3.180278e+00	4.880326e+00	4.276498e+00	6.964060e+00	6.853704e+00	4.496255e+00	1.091795e+01
3.241698e-01	4.016534e+00	3.235110e+00	3.618937e+00	4.715820e+00	5.592343e+00	7.347906e+00	5.976430e+00	4.167261e+00	9.098293e+00
3.250817e-01	3.213227e+00	2.631954e+00	3.180278e+00	3.728788e+00	3.015479e+00	5.428677e+00	5.373304e+00	3.235110e+00	7.278634e+00
3.259935e-01	3.748765e+00	4.222093e+00	4.222093e+00	3.619118e+00	4.715113e+00	6.580214e+00	6.140919e+00	4.386590e+00	7.885187e+00
3.269054e-01	2.543805e+00	2.631954e+00	2.960948e+00	3.454613e+00	3.015479e+00	5.538347e+00	4.605689e+00	2.906116e+00	6.065528e+00
3.278173e-01	3.480996e+00	3.015781e+00	4.002764e+00	4.002964e+00	4.715113e+00	6.964060e+00	6.634386e+00	3.618937e+00	6.672081e+00
3.287291e-01	2.677689e+00	2.248127e+00	3.125446e+00	3.344942e+00	3.783056e+00	5.702852e+00	5.318475e+00	3.015781e+00	6.065528e+00
3.296410e-01	3.213227e+00	3.618937e+00	3.564105e+00	4.331974e+00	4.276498e+00	7.293071e+00	8.005127e+00	3.125446e+00	8.491740e+00
3.305529e-01	3.882649e+00	3.015781e+00	4.660752e+00	3.838458e+00	4.057190e+00	7.128565e+00	6.579556e+00	4.002764e+00	8.491740e+00
3.314647e-01	3.213227e+00	2.906116e+00	3.564105e+00	3.125602e+00	3.179960e+00	5.702852e+00	4.934667e+00	2.467457e+00	8.491740e+00
3.323766e-01	2.811573e+00	3.180278e+00	4.057596e+00	3.948129e+00	4.495805e+00	7.841422e+00	5.318475e+00	4.441423e+00	1.273761e+01
3.332885e-01	2.677689e+00	2.193295e+00	2.522289e+00	2.686921e+00	3.344441e+00	5.867358e+00	5.866771e+00	2.138463e+00	4.852423e+00
3.342004e-01	3.347111e+00	2.851284e+00	4.605920e+00	4.496480e+00	4.221671e+00	6.909225e+00	6.963364e+00	3.564105e+00	8.491740e+00
3.351122e-01	2.276036e+00	1.809468e+00	2.851284e+00	2.412745e+00	3.454094e+00	4.002964e+00	5.208815e+00	3.947931e+00	9.098293e+00
3.360241e-01	3.480996e+00	3.125446e+00	3.947931e+00	4.112634e+00	4.221671e+00	6.964060e+00	6.086090e+00	3.399607e+00	1.031140e+01
3.369360e-01	3.213227e+00	2.522289e+00	2.686786e+00	2.577251e+00	2.522037e+00	4.331974e+00	4.934667e+00	2.028798e+00	6.672081e+00
3.378478e-01	2.811573e+00	3.125446e+00	2.960948e+00	4.331974e+00	4.440978e+00	5.264171e+00	7.018193e+00	2.741619e+00	1.091795e+01
3.387597e-01	3.882649e+00	3.235110e+00	3.509272e+00	3.180437e+00	3.947536e+00	7.293071e+00	5.428134e+00	2.522289e+00	9.704846e+00
3.396716e-01	3.614880e+00	2.083630e+00	2.357792e+00	1.974064e+00	3.070306e+00	5.099666e+00	5.044327e+00	1.206312e+00	6.672081e+00
3.405834e-01	3.882649e+00	2.851284e+00	3.015781e+00	3.070767e+00	4.221671e+00	6.086698e+00	6.140919e+00	2.851284e+00	9.704846e+00
3.414953e-01	2.142151e+00	2.193295e+00	2.083630e+00	2.577251e+00	2.960652e+00	4.606150e+00	4.879838e+00	1.699804e+00	6.065528e+00
3.424072e-01	2.543805e+00	2.851284e+00	3.235110e+00	3.619118e+00	4.112017e+00	6.196368e+00	6.579556e+00	3.070613e+00	9.704846e+00
3.433191e-01	2.142151e+00	1.699804e+00	2.193295e+00	1.590218e+00	2.302730e+00	5.483512e+00	4.002563e+00	1.973966e+00	6.065528e+00
3.442309e-01	4.819840e+00	3.070613e+00	3.564105e+00	3.673953e+00	3.125133e+00	6.854390e+00	5.921601e+00	2.028798e+00	6.065528e+00
3.451428e-01	2.409920e+00	1.644971e+00	2.138463e+00	2.961096e+00	2.905825e+00	4.112634e+00	4.002563e+00	1.809468e+00	9.704846e+00
3.460547e-01	4.150418e+00	2.631954e+00	4.331758e+00	3.125602e+00	3.892710e+00	6.525379e+00	5.757112e+00	1.864301e+00	1.395072e+01
3.469665e-01	4.552071e+00	2.796451e+00	3.125446e+00	3.619118e+00	2.631691e+00	5.757688e+00	5.208815e+00	2.302960e+00	8.491740e+00
3.478784e-01	3.748765e+00	1.973966e+00	2.851284e+00	1.864394e+00	2.522037e+00	4.331974e+00	5.318475e+00	1.699804e+00	4.852423e+00
3.487903e-01	2.543805e+00	2.522289e+00	3.399607e+00	3.070767e+00	2.796172e+00	5.483512e+00	6.689216e+00	1.919133e+00	9.098293e+00
3.497021e-01	2.543805e+00	2.467457e+00	2.796451e+00	1.974064e+00	2.467210e+00	4.551315e+00	4.825008e+00	1.864301e+00	4.852423e+00
3.506140e-01	3.213227e+00	2.522289e+00	3.509272e+00	2.467580e+00	3.125133e+00	5.154501e+00	4.715349e+00	2.248127e+00	8.491740e+00
3.515259e-01	2.409920e+00	1.699804e+00	1.919133e+00	2.028899e+00	2.028595e+00	4.825490e+00	3.618756e+00	1.315977e+00	8.491740e+00
3.524378e-01	2.276036e+00	2.851284e+00	3.399607e+00	3.180437e+00	2.028595e+00	5.977028e+00	5.811941e+00	1.480474e+00	5.458976e+00
3.533496e-01	4.418187e+00	2.686786e+00	2.906116e+00	2.522415e+00	2.467210e+00	5.319007e+00	5.592623e+00	1.261145e+00	1.091795e+01
3.542615e-01	2.142151e+00	1.699804e+00	2.467457e+00	2.028899e+00	1.973768e+00	3.399777e+00	4.386371e+00	1.864301e+00	7.885187e+00
3.551734e-01	4.016534e+00	2.193295e+00	3.673769e+00	2.686921e+00	2.741345e+00	5.319007e+00	5.373304e+00	1.590139e+00	1.455727e+01
3.560852e-01	2.409920e+00	2.138463e+00	2.357792e+00	1.425713e+00	1.480326e+00	4.386810e+00	4.660519e+00	8.224857e-01	8.491740e+00
3.569971e-01	3.347111e+00	2.467457e+00	2.851284e+00	2.303075e+00	2.576864e+00	4.825490e+00	6.031260e+00	1.644971e+00	1.334416e+01
3.579090e-01	2.276036e+00	1.535307e+00	2.138463e+00	1.261208e+00	1.151365e+00	3.619118e+00	3.618756e+00	1.206312e+00	4.852423e+00
3.588208e-01	3.480996e+00	2.412625e+00	1.919133e+00	1.754724e+00	2.522037e+00	4.496480e+00	4.825008e+00	1.590139e+00	6.672081e+00
3.597327e-01	1.472729e+00	1.261145e+00	1.699804e+00	1.370878e+00	1.918941e+00	3.564283e+00	3.070460e+00	7.128209e-01	3.032764e+00
3.606446e-01	3.748765e+00	1.699804e+00	3.125446e+00	2.577251e+00	2.850999e+00	5.264171e+00	5.208815e+00	1.590139e+00	7.885187e+00
3.615565e-01	2.945458e+00	1.809468e+00	2.193295e+00	1.919229e+00	2.138249e+00	4.277139e+00	5.208815e+00	1.206312e+00	1.091795e+01
3.624683e-01	2.276036e+00	1.370809e+00	2.193295e+00	1.316043e+00	2.631691e+00	3.399777e+00	3.234949e+00	9.321504e-01	6.065528e+00
3.633802e-01	2.677689e+00	1.864301e+00	2.686786e+00	2.083735e+00	1.918941e+00	3.838458e+00	4.879838e+00	1.151480e+00	7.278634e+00
3.642921e-01	2.008267e+00	1.425642e+00	2.248127e+00	1.974064e+00	1.864114e+00	3.783623e+00	3.728415e+00	1.041815e+00	7.278634e+00
3.652039e-01	2.677689e+00	2.138463e+00	2.741619e+00	1.809559e+00	2.028595e+00	4.167469e+00	4.550860e+00	1.535307e+00	1.395072e+01
3.661158e-01	2.142151e+00	2.357792e+00	2.467457e+00	1.809559e+00	1.370672e+00	2.906261e+00	3.947734e+00	4.934914e-01	5.458976e+00
3.670277e-01	2.945458e+00	1.973966e+00	2.138463e+00	1.974064e+00	2.357556e+00	4.715820e+00	5.208815e+00	6.031562e-01	7.278634e+00
3.679395e-01	3.347111e+00	2.522289e+00	2.302960e+00	2.248240e+00	1.809288e+00	4.057799e+00	5.099156e+00	9.869828e-01	9.098293e+00
3.688514e-01	1.874382e+00	1.919133e+00	1.590139e+00	1.425713e+00	1.261019e+00	3.015932e+00	4.167052e+00	9.869828e-01	7.885187e+00
3.697633e-01	2.945458e+00	2.193295e+00	2.467457e+00	1.974064e+00	1.973768e+00	3.344942e+00	4.386371e+00	1.151480e+00	4.852423e+00
3.706752e-01	1.606613e+00	1.096648e+00	1.809468e+00	1.151538e+00	1.096538e+00	2.851426e+00	3.618756e+00	9.869828e-01	7.885187e+00
3.715870e-01	2.276036e+00	1.590139e+00	2.851284e+00	1.096702e+00	1.535153e+00	3.180437e+00	3.838075e+00	4.934914e-01	4.852423e+00
3.724989e-01	1.874382e+00	1.370809e+00	1.919133e+00	9.870321e-01	1.370672e+00	2.577251e+00	2.851141e+00	5.483238e-01	6.065528e+00
3.734108e-01	2.142151e+00	1.864301e+00	2.028798e+00	1.316043e+00	1.864114e+00	4.057799e+00	4.057393e+00	9.321504e-01	9.098293e+00
3.743226e-01	1.338845e+00	1.644971e+00	1.864301e+00	1.261208e+00	1.151365e+00	2.961096e+00	2.905971e+00	6.579885e-01	6.672081e+00
3.752345e-01	2.409920e+00	1.644971e+00	2.522289e+00	1.261208e+00	1.315845e+00	2.796591e+00	3.344608e+00	6.031562e-01	6.065528e+00
3.761464e-01	2.008267e+00	1.644971e+00	2.631954e+00	1.535383e+00	1.918941e+00	2.577251e+00	3.618756e+00	8.773180e-01	6.065528e+00
3.770582e-01	1.071076e+00	1.535307e+00	2.083630e+00	1.096702e+00	1.151365e+00	1.974064e+00	2.631823e+00	4.934914e-01	3.639317e+00
3.779701e-01	2.543805e+00	1.644971e+00	2.083630e+00	1.316043e+00	1.425499e+00	2.961096e+00	4.057393e+00	6.031562e-01	5.458976e+00
3.788820e-01	1.071076e+00	1.864301e+00	1.864301e+00	9.321970e-01	1.151365e+00	2.577251e+00	2.302845e+00	4.934914e-01	4.245870e+00
3.797939e-01	2.008267e+00	1.754636e+00	1.699804e+00	1.316043e+00	1.370672e+00	3.070767e+00	3.618756e+00	8.224857e-01	3.032764e+00
3.807057e-01	1.071076e+00	1.644971e+00	2.083630e+00	1.096702e+00	8.224034e-01	2.248240e+00	2.083526e+00	4.386590e-01	4.852423e+00
3.816176e-01	1.874382e+00	1.590139e+00	1.699804e+00	1.590218e+00	1.096538e+00	2.796591e+00	3.070460e+00	2.193295e-01	5.458976e+00
3.825295e-01	2.409920e+00	1.754636e+00	1.919133e+00	1.535383e+00	1.096538e+00	2.467580e+00	3.070460e+00	6.579885e-01	3.639317e+00
3.834413e-01	8.033067e-01	8.773180e-01	1.754636e+00	8.773619e-01	1.206192e+00	1.919229e+00	2.083526e+00	3.289943e-01	4.245870e+00
3.843532e-01	2.276036e+00	1.261145e+00	1.973966e+00	9.321970e-01	1.151365e+00	2.906261e+00	3.399437e+00	6.031562e-01	3.639317e+00
3.852651e-01	1.606613e+00	1.206312e+00	1.096648e+00	9.870321e-01	1.589980e+00	1.645054e+00	1.590059e+00	1.644971e-01	4.245870e+00
3.861769e-01	3.079342e+00	1.754636e+00	1.425642e+00	1.096702e+00	7.127496e-01	2.577251e+00	2.686652e+00	8.773180e-01	5.458976e+00
3.870888e-01	1.338845e+00	1.315977e+00	1.754636e+00	7.128565e-01	8.224034e-01	1.974064e+00	2.302845e+00	6.031562e-01	4.245870e+00
3.880007e-01	2.008267e+00	1.261145e+00	1.754636e+00	1.370878e+00	1.151365e+00	2.193405e+00	2.905971e+00	8.773180e-01	6.672081e+00
3.889126e-01	8.033067e-01	1.041815e+00	1.644971e+00	9.321970e-01	5.482689e-01	2.138570e+00	1.425571e+00	5.483238e-01	6.672081e+00
3.898244e-01	1.606613e+00	1.096648e+00	2.083630e+00	1.151538e+00	8.772303e-01	2.083735e+00	2.193185e+00	5.483238e-01	3.639317e+00
3.907363e-01	1.204960e+00	1.096648e+00	2.028798e+00	1.316043e+00	8.772303e-01	2.412745e+00	2.248015e+00	3.838266e-01	3.639317e+00
3.916482e-01	5.355378e-01	7.676533e-01	1.041815e+00	9.321970e-01	1.206192e+00	1.261208e+00	8.224445e-01	2.193295e-01	1.819659e+00
3.925600e-01	1.338845e+00	1.151480e+00	2.193295e+00	1.041867e+00	1.151365e+00	2.083735e+00	2.248015e+00	5.483238e-01	3.032764e+00
3.934719e-01	9.371912e-01	9.321504e-01	1.206312e+00	7.676917e-01	8.224034e-01	1.151538e+00	1.973867e+00	1.644971e-01	2.426211e+00
3.943838e-01	9.371912e-01	1.480474e+00	1.973966e+00	6.580214e-01	4.934421e-01	2.303075e+00	2.083526e+00	3.289943e-01	3.032764e+00
3.952956e-01	8.033067e-01	7.128209e-01	9.321504e-01	8.225268e-01	8.224034e-01	1.535383e+00	1.590059e+00	4.934914e-01	1.819659e+00
3.962075e-01	1.071076e+00	1.151480e+00	2.138463e+00	1.096702e+00	1.151365e+00	1.590218e+00	1.864208e+00	3.289943e-01	2.426211e+00
3.971194e-01	6.694223e-01	1.370809e+00	1.919133e+00	7.676917e-01	9.868841e-01	2.412745e+00	2.302845e+00	4.386590e-01	7.278634e+00
3.980313e-01	6.694223e-01	7.128209e-01	8.773180e-01	4.935161e-01	4.934421e-01	1.699889e+00	1.480400e+00	2.193295e-01	3.032764e+00
3.989431e-01	1.071076e+00	1.261145e+00	1.644971e+00	8.225268e-01	9.868841e-01	2.303075e+00	1.644889e+00	2.741619e-01	3.032764e+00
3.998550e-01	1.071076e+00	9.321504e-01	1.535307e+00	5.483512e-01	6.579227e-01	1.206373e+00	1.096593e+00	2.741619e-01	3.032764e+00
4.007669e-01	2.677689e-01	7.676533e-01	1.535307e+00	1.206373e+00	5.482689e-01	2.138570e+00	1.699719e+00	4.386590e-01	3.032764e+00
4.016787e-01	5.355378e-01	7.128209e-01	7.676533e-01	3.290107e-01	5.482689e-01	1.590218e+00	1.041763e+00	3.838266e-01	4.852423e+00
4.025906e-01	6.694223e-01	8.224857e-01	1.480474e+00	7.676917e-01	6.579227e-01	2.028899e+00	1.425571e+00	5.483238e-01	5.458976e+00
4.035025e-01	9.371912e-01	9.321504e-01	9.869828e-01	6.031863e-01	5.482689e-01	2.193405e+00	1.315911e+00	2.741619e-01	3.032764e+00
4.044143e-01	1.472729e+00	1.151480e+00	1.315977e+00	9.321970e-01	1.041711e+00	2.357910e+00	1.754548e+00	2.193295e-01	6.065528e-01
4.053262e-01	1.071076e+00	1.370809e+00	1.535307e+00	3.290107e-01	7.127496e-01	2.303075e+00	6.579556e-01	1.644971e-01	3.032764e+00
4.062381e-01	8.033067e-01	7.676533e-01	1.644971e+00	6.031863e-01	6.579227e-01	1.096702e+00	7.127853e-01	1.644971e-01	0.000000e+00
4.071500e-01	2.142151e+00	1.370809e+00	1.699804e+00	4.386810e-01	7.675765e-01	1.261208e+00	1.535230e+00	6.031562e-01	2.426211e+00
4.080618e-01	6.694223e-01	8.773180e-01	8.773180e-01	4.935161e-01	4.934421e-01	1.316043e+00	1.206252e+00	5.483238e-02	1.819659e+00
4.089737e-01	4.016534e-01	9.869828e-01	2.193295e+00	7.128565e-01	3.837883e-01	1.974064e+00	1.370741e+00	7.128209e-01	3.032764e+00
4.098856e-01	4.016534e-01	7.128209e-01	9.869828e-01	7.128565e-01	4.934421e-01	1.096702e+00	1.206252e+00	1.644971e-01	2.426211e+00
4.107974e-01	1.338845e+00	1.261145e+00	1.206312e+00	5.483512e-01	4.386152e-01	1.590218e+00	1.370741e+00	4.934914e-01	0.000000e+00
4.117093e-01	1.071076e+00	1.096648e+00	1.480474e+00	7.128565e-01	6.579227e-01	2.357910e+00	1.644889e+00	2.741619e-01	1.819659e+00
4.126212e-01	0.000000e+00	7.676533e-01	1.261145e+00	4.935161e-01	4.934421e-01	1.151538e+00	8.772742e-01	1.644971e-01	3.032764e+00
4.135330e-01	9.371912e-01	9.321504e-01	1.535307e+00	2.741756e-01	6.030958e-01	1.480548e+00	1.261082e+00	5.483238e-01	3.032764e+00
4.144449e-01	4.016534e-01	8.773180e-01	8.224857e-01	3.290107e-01	4.934421e-01	1.316043e+00	7.676149e-01	1.096648e-01	1.819659e+00
4.153568e-01	8.033067e-01	6.579885e-01	1.370809e+00	3.838458e-01	6.579227e-01	1.754724e+00	7.676149e-01	3.289943e-01	6.065528e-01
4.162687e-01	4.016534e-01	7.128209e-01	8.224857e-01	5.483512e-02	2.193076e-01	1.535383e+00	7.676149e-01	2.193295e-01	1.213106e+00
4.171805e-01	0.000000e+00	7.676533e-01	1.151480e+00	4.386810e-01	2.193076e-01	1.809559e+00	6.579556e-01	1.096648e-01	1.819659e+00
4.180924e-01	0.000000e+00	8.224857e-01	8.773180e-01	5.483512e-01	4.934421e-01	1.096702e+00	4.934667e-01	2.741619e-01	6.065528e-01
4.190043e-01	0.000000e+00	1.151480e+00	1.206312e+00	3.290107e-01	5.482689e-01	1.480548e+00	6.579556e-01	4.386590e-01	1.819659e+00
4.199161e-01	0.000000e+00	1.041815e+00	1.151480e+00	4.386810e-01	3.837883e-01	1.206373e+00	4.934667e-01	0.000000e+00	0.000000e+00
4.208280e-01	0.000000e+00	4.934914e-01	8.773180e-01	4.935161e-01	3.837883e-01	9.870321e-01	7.127853e-01	0.000000e+00	6.065528e-01
4.217399e-01	0.000000e+00	6.579885e-01	1.096648e+00	3.838458e-01	2.741345e-01	1.425713e+00	1.151422e+00	0.000000e+00	0.000000e+00
4.226517e-01	0.000000e+00	7.128209e-01	6.031562e-01	2.193405e-01	4.386152e-01	8.225268e-01	4.934667e-01	0.000000e+00	1.213106e+00
4.235636e-01	0.000000e+00	9.321504e-01	1.041815e+00	3.290107e-01	4.934421e-01	1.425713e+00	8.772742e-01	0.000000e+00	1.819659e+00
4.244755e-01	0.000000e+00	3.838266e-01	6.031562e-01	6.031863e-01	5.482689e-01	9.321970e-01	3.838075e-01	0.000000e+00	2.426211e+00
4.253874e-01	0.000000e+00	7.128209e-01	9.869828e-01	2.193405e-01	5.482689e-01	1.261208e+00	9.321038e-01	0.000000e+00	2.426211e+00
4.262992e-01	0.000000e+00	9.321504e-01	1.261145e+00	2.193405e-01	2.741345e-01	1.480548e+00	5.482964e-01	0.000000e+00	1.213106e+00
4.272111e-01	0.000000e+00	8.773180e-01	8.773180e-01	3.290107e-01	3.837883e-01	7.676917e-01	4.386371e-01	0.000000e+00	6.065528e-01
4.281230e-01	0.000000e+00	6.031562e-01	9.321504e-01	2.741756e-01	4.934421e-01	9.321970e-01	5.482964e-01	0.000000e+00	0.000000e+00
4.290348e-01	0.000000e+00	7.128209e-01	9.321504e-01	3.290107e-01	1.644807e-01	8.773619e-01	3.838075e-01	0.000000e+00	6.065528e-01
4.299467e-01	0.000000e+00	6.579885e-01	8.773180e-01	5.483512e-02	4.934421e-01	1.041867e+00	8.772742e-01	0.000000e+00	2.426211e+00
4.308586e-01	0.000000e+00	3.289943e-01	7.676533e-01	1.096702e-01	2.741345e-01	4.935161e-01	7.127853e-01	0.000000e+00	6.065528e-01
4.317704e-01	0.000000e+00	7.676533e-01	6.579885e-01	3.290107e-01	3.289614e-01	9.870321e-01	4.934667e-01	0.000000e+00	1.213106e+00
4.326823e-01	0.000000e+00	6.579885e-01	9.869828e-01	3.838458e-01	1.644807e-01	1.096702e+00	3.838075e-01	0.000000e+00	1.213106e+00
4.335942e-01	0.000000e+00	4.934914e-01	8.773180e-01	2.193405e-01	3.289614e-01	8.773619e-01	6.579556e-01	0.000000e+00	1.819659e+00
4.345061e-01	0.000000e+00	4.934914e-01	8.773180e-01	5.483512e-01	2.741345e-01	1.425713e+00	9.321038e-01	0.000000e+00	6.065528e-01
4.354179e-01	0.000000e+00	4.386590e-01	5.483238e-01	1.096702e-01	3.289614e-01	4.386810e-01	3.289778e-01	0.000000e+00	2.426211e+00
4.363298e-01	0.000000e+00	6.031562e-01	9.869828e-01	2.741756e-01	4.386152e-01	9.870321e-01	3.838075e-01	0.000000e+00	6.065528e-01
4.372417e-01	0.000000e+00	2.741619e-01	7.128209e-01	5.483512e-02	2.193076e-01	6.031863e-01	4.934667e-01	0.000000e+00	1.819659e+00
4.381535e-01	0.000000e+00	4.934914e-01	9.869828e-01	2.193405e-01	5.482689e-02	6.031863e-01	3.838075e-01	0.000000e+00	1.819659e+00
4.390654e-01	0.000000e+00	4.934914e-01	4.934914e-01	1.096702e-01	2.741345e-01	6.580214e-01	1.644889e-01	0.000000e+00	1.213106e+00
4.399773e-01	0.000000e+00	6.031562e-01	3.289943e-01	3.290107e-01	1.644807e-01	7.128565e-01	3.289778e-01	0.000000e+00	0.000000e+00
4.408891e-01	0.000000e+00	2.193295e-01	3.838266e-01	2.193405e-01	5.482689e-02	9.321970e-01	4.934667e-01	0.000000e+00	0.000000e+00
4.418010e-01	0.000000e+00	4.934914e-01	4.386590e-01	1.096702e-01	2.193076e-01	6.031863e-01	3.289778e-01	0.000000e+00	6.065528e-01
4.427129e-01	0.000000e+00	3.289943e-01	5.483238e-01	2.741756e-01	0.000000e+00	6.580214e-01	4.386371e-01	0.000000e+00	6.065528e-01
4.436248e-01	0.000000e+00	1.644971e-01	7.128209e-01	1.645054e-01	2.741345e-01	3.838458e-01	2.193185e-01	0.000000e+00	0.000000e+00
4.445366e-01	0.000000e+00	5.483238e-01	6.579885e-01	4.935161e-01	2.741345e-01	6.580214e-01	7.127853e-01	0.000000e+00	6.065528e-01
4.454485e-01	0.000000e+00	2.193295e-01	6.031562e-01	1.096702e-01	0.000000e+00	3.290107e-01	4.386371e-01	0.000000e+00	0.000000e+00
4.463604e-01	0.000000e+00	3.838266e-01	4.934914e-01	2.193405e-01	0.000000e+00	7.128565e-01	2.193185e-01	0.000000e+00	1.213106e+00
4.472722e-01	0.000000e+00	3.838266e-01	2.193295e-01	1.645054e-01	0.000000e+00	4.386810e-01	2.741482e-01	0.000000e+00	0.000000e+00
4.481841e-01	0.000000e+00	4.386590e-01	6.031562e-01	0.000000e+00	0.000000e+00	4.386810e-01	3.289778e-01	0.000000e+00	0.000000e+00
4.490960e-01	0.000000e+00	3.838266e-01	5.483238e-01	0.000000e+00	0.000000e+00	4.386810e-01	5.482964e-01	0.000000e+00	6.065528e-01
4.500078e-01	0.000000e+00	3.838266e-01	5.483238e-01	0.000000e+00	0.000000e+00	2.741756e-01	3.289778e-01	0.000000e+00	0.000000e+00
4.509197e-01	0.000000e+00	2.741619e-01	4.934914e-01	0.000000e+00	0.000000e+00	3.838458e-01	2.741482e-01	0.000000e+00	0.000000e+00
4.518316e-01	0.000000e+00	2.741619e-01	2.741619e-01	0.000000e+00	0.000000e+00	2.193405e-01	4.386371e-01	0.000000e+00	6.065528e-01
4.527435e-01	0.000000e+00	1.644971e-01	2.741619e-01	0.000000e+00	0.000000e+00	9.321970e-01	3.289778e-01	0.000000e+00	6.065528e-01
4.536553e-01	0.000000e+00	1.644971e-01	1.644971e-01	0.000000e+00	0.000000e+00	2.193405e-01	1.096593e-01	0.000000e+00	1.213106e+00
4.545672e-01	0.000000e+00	2.193295e-01	4.386590e-01	0.000000e+00	0.000000e+00	4.935161e-01	2.193185e-01	0.000000e+00	6.065528e-01
4.554791e-01	0.000000e+00	6.031562e-01	2.193295e-01	0.000000e+00	0.000000e+00	1.096702e-01	2.193185e-01	0.000000e+00	0.000000e+00
4.563909e-01	0.000000e+00	2.193295e-01	6.031562e-01	0.000000e+00	0.000000e+00	6.031863e-01	3.838075e-01	0.000000e+00	0.000000e+00
4.573028e-01	0.000000e+00	6.031562e-01	2.741619e-01	0.000000e+00	0.000000e+00	2.741756e-01	3.289778e-01	0.000000e+00	0.000000e+00
4.582147e-01	0.000000e+00	2.193295e-01	4.386590e-01	0.000000e+00	0.000000e+00	3.838458e-01	1.644889e-01	0.000000e+00	6.065528e-01
4.591265e-01	0.000000e+00	4.386590e-01	1.644971e-01	0.000000e+00	0.000000e+00	3.838458e-01	2.741482e-01	0.000000e+00	0.000000e+00
4.600384e-01	0.000000e+00	2.741619e-01	1.096648e-01	0.000000e+00	0.000000e+00	1.645054e-01	1.096593e-01	0.000000e+00	1.213106e+00
4.609503e-01	0.000000e+00	1.644971e-01	2.193295e-01	0.000000e+00	0.000000e+00	5.483512e-01	3.289778e-01	0.000000e+00	6.065528e-01
4.618622e-01	0.000000e+00	1.644971e-01	1.644971e-01	0.000000e+00	0.000000e+00	2.741756e-01	3.289778e-01	0.000000e+00	0.000000e+00
4.627740e-01	0.000000e+00	1.644971e-01	1.644971e-01	0.000000e+00	0.000000e+00	6.031863e-01	3.289778e-01	0.000000e+00	0.000000e+00
4.636859e-01	0.000000e+00	3.289943e-01	2.741619e-01	0.000000e+00	0.000000e+00	6.031863e-01	0.000000e+00	0.000000e+00	6.065528e-01
4.645978e-01	0.000000e+00	2.193295e-01	2.741619e-01	0.000000e+00	0.000000e+00	0.000000e+00	0.000000e+00	0.000000e+00	0.000000e+00
4.655096e-01	0.000000e+00	2.193295e-01	2.193295e-01	0.000000e+00	0.000000e+00	0.000000e+00	0.000000e+00	0.000000e+00	0.000000e+00
4.664215e-01	0.000000e+00	1.096648e-01	1.644971e-01	0.000000e+00	0.000000e+00	0.000000e+00	0.000000e+00	0.000000e+00	0.000000e+00
4.673334e-01	0.000000e+00	0.000000e+00	3.838266e-01	0.000000e+00	0.000000e+00	0.000000e+00	0.000000e+00	0.000000e+00	0.000000e+00
4.682452e-01	0.000000e+00	0.000000e+00	1.644971e-01	0.000000e+00	0.000000e+00	0.000000e+00	0.000000e+00	0.000000e+00	0.000000e+00
4.691571e-01	0.000000e+00	0.000000e+00	1.644971e-01	0.000000e+00	0.000000e+00	0.000000e+00	0.000000e+00	0.000000e+00	0.000000e+00
4.700690e-01	0.000000e+00	0.000000e+00	0.000000e+00	0.000000e+00	0.000000e+00	0.000000e+00	0.000000e+00	0.000000e+00	6.065528e-01
4.709809e-01	0.000000e+00	0.000000e+00	2.741619e-01	0.000000e+00	0.000000e+00	0.000000e+00	0.000000e+00	0.000000e+00	0.000000e+00
4.718927e-01	0.000000e+00	0.000000e+00	5.483238e-02	0.000000e+00	0.000000e+00	0.000000e+00	0.000000e+00	0.000000e+00	0.000000e+00
4.728046e-01	0.000000e+00	0.000000e+00	1.096648e-01	0.000000e+00	0.000000e+00	0.000000e+00	0.000000e+00	0.000000e+00	0.000000e+00
4.737165e-01	0.000000e+00	0.000000e+00	1.644971e-01	0.000000e+00	0.000000e+00	0.000000e+00	0.000000e+00	0.000000e+00	0.000000e+00
4.746283e-01	0.000000e+00	0.000000e+00	1.644971e-01	0.000000e+00	0.000000e+00	0.000000e+00	0.000000e+00	0.000000e+00	0.000000e+00
4.755402e-01	0.000000e+00	0.000000e+00	1.096648e-01	0.000000e+00	0.000000e+00	0.000000e+00	0.000000e+00	0.000000e+00	0.000000e+00
4.764521e-01	0.000000e+00	0.000000e+00	0.000000e+00	0.000000e+00	0.000000e+00	0.000000e+00	0.000000e+00	0.000000e+00	0.000000e+00
4.773639e-01	0.000000e+00	0.000000e+00	1.096648e-01	0.000000e+00	0.000000e+00	0.000000e+00	0.000000e+00	0.000000e+00	0.000000e+00
4.782758e-01	0.000000e+00	0.000000e+00	2.741619e-01	0.000000e+00	0.000000e+00	0.000000e+00	0.000000e+00	0.000000e+00	0.000000e+00
4.791877e-01	0.000000e+00	0.000000e+00	1.644971e-01	0.000000e+00	0.000000e+00	0.000000e+00	0.000000e+00	0.000000e+00	0.000000e+00
4.800996e-01	0.000000e+00	0.000000e+00	1.644971e-01	0.000000e+00	0.000000e+00	0.000000e+00	0.000000e+00	0.000000e+00	0.000000e+00
4.810114e-01	0.000000e+00	0.000000e+00	1.644971e-01	0.000000e+00	0.000000e+00	0.000000e+00	0.000000e+00	0.000000e+00	0.000000e+00
4.819233e-01	0.000000e+00	0.000000e+00	1.644971e-01	0.000000e+00	0.000000e+00	0.000000e+00	0.000000e+00	0.000000e+00	0.000000e+00
4.828352e-01	0.000000e+00	0.000000e+00	5.483238e-02	0.000000e+00	0.000000e+00	0.000000e+00	0.000000e+00	0.000000e+00	0.000000e+00
4.837470e-01	0.000000e+00	0.000000e+00	1.096648e-01	0.000000e+00	0.000000e+00	0.000000e+00	0.000000e+00	0.000000e+00	0.000000e+00
4.846589e-01	0.000000e+00	0.000000e+00	1.644971e-01	0.000000e+00	0.000000e+00	0.000000e+00	0.000000e+00	0.000000e+00	0.000000e+00
4.855708e-01	0.000000e+00	0.000000e+00	1.096648e-01	0.000000e+00	0.000000e+00	0.000000e+00	0.000000e+00	0.000000e+00	0.000000e+00